	cube_d14N_15N	d12C_13C	log_N	log_C	log_CN_ratio	log_NP_ratio	Dry_matter	Grain_size	Water_content	log_Organic_content	log_Inorganic_content	log_TP	Organic_content	Inorganic_content	C	N	log_PO4	log_Si	log_Chlorophyll	Salinity	Temperature	log_NO2	log_NO3	log_NH3	log_DN	Time	Latitude	Longitude	NO2	NO3	NH3	DN	PO4	Si	season	habitat	sal_group	cluster
autumn_1_rocks	17007.87517	-33.63798969	5.390067708	7.705802067	2.469885038	6.275159876	0.79012674	2	0.381657155	-4.380657088	-4.733824564	-0.885092168	0.013007192	0.009077479	2454.710964	228.3434111	-0.162518929	2.281361457	0.845411651	28.44073047	15.92016506	-0.393042588	2.553343811	1.739588597	2.955951404	24/09/2019	55.4464839	8.4066144	0.675	12.85	5.695	19.22	0.85	9.79	autumn	rocks	3	1
autumn_1_sand	9966.058549	-24.01338235	4.107739811	6.201903286	2.248314155	5.908546026	0.814219662	2	0.330116111	-4.99777611	-5.247415174	-1.800806215	0.006757211	0.005262263	497.558366	60.86186948	-1.328025453	2.396985768	1.191800436	31.40622371	14.86349869	-1.328025453	0.795252403	-0.478035801	1.131402111	24/09/2019	55.46983904	8.31535033	0.265	2.215	0.62	3.1	0.265	10.99	autumn	sand	3	1
autumn_10_eelgrass	4577.478594	-19.24706069	6.251689969	7.368303038	1.270763748	7.88238399	0.79397732	2	0.387804848	-5.137521057	-5.503022658	-1.630694021	0.005930045	0.00408625	1685.227619	527.6056784	-0.15665381	3.601276993	1.295335601	29.95134094	16.59964752	-1.897119985	-0.765717873	1.095273387	1.282321771	09/09/2019	56.55391126	8.61017776	0.15	0.465	2.99	3.605	0.855	36.645	autumn	eelgrass	3	10
autumn_10_rocks	19731.87113	-23.19089851	7.181485039	7.921377409	0.89404305	8.373677785	0.808241222	1	0.338299697	-4.013882285	-3.539681635	-1.192192746	0.018640079	0.029293171	2772.546949	1361.805425	-0.083381609	3.55177024	1.630059179	29.89684525	16.1827774	-1.366491734	0.113328685	2.00619858	2.17588744	10/09/2019	56.55032935	8.61454023	0.255	1.12	7.435	8.81	0.92	34.875	autumn	rocks	3	10
autumn_10_sand	65.19886847	-19.07288358	6.623797134	7.348697764	0.87905131	8.066002965	0.801420058	2	0.367042222	-4.900657146	-5.722947726	-1.442205831	0.007461021	0.00327359	1556.550002	758.2422065	-0.502526821	3.62620586	1.303499178	30.00251403	16.72975922	-1.5847453	-0.502526821	0.741937345	1.068153081	09/09/2019	56.55925617	8.61504498	0.205	0.605	2.1	2.91	0.605	37.57	autumn	sand	3	10
autumn_11_rocks	25187.34191	-21.20087496	6.223839348	8.13005815	2.060369481	7.204361809	0.772816935	1.333333333	0.410559221	-4.099640585	-4.553402228	-0.980522461	0.016638977	0.01385391	3549.535572	625.5410817	0.378436436	2.414126468	0.307872151	28.69282292	18.0800972	-2.590267165	-0.553385238	1.01884732	1.229640551	02/09/2019	56.8039704	10.282349	0.075	0.575	2.77	3.42	1.46	11.18	autumn	rocks	3	11
autumn_11_sand	8149.814083	-20.22966286	5.400631188	6.77827113	1.531790621	6.736095232	0.82409229	2	0.309383333	-5.411466606	-5.799563625	-1.335464044	0.00486004	0.003043568	880.3176386	225.6933315	-0.438504962	1.99673905	0.261714614	29.26305749	17.19214821	-3.688879454	-2.002480501	-0.174353387	0	02/09/2019	56.79719521	10.28607025	0.025	0.135	0.84	1	0.645	7.365	autumn	sand	3	11
autumn_12_rocks	11850.33433	-23.72438895	6.486943322	7.590249398	1.257456756	7.941755155	0.813469868	2	0.353582475	-4.337710854	-4.956287438	-1.454811833	0.013953296	0.00866702	1989.287893	696.857618	0.21107097	4.448516376	1.214265009	19.19471169	15.94149971	-1.064210862	2.292029579	1.239822457	2.617030803	05/09/2019	56.60978684	10.30299737	0.345	9.895	3.455	13.695	1.235	85.5	autumn	rocks	2	12
autumn_12_sand	31384.44087	-20.95584603	6.479469188	8.215693267	1.89037476	6.906265729	0.713095535	1	0.495884848	-4.518874523	-5.626850397	-0.426796542	0.010911444	0.003602189	3706.957375	781.0271948	0.081579987	4.411767459	1.164138794	20.48894056	15.28698158	-1.255266099	2.200552367	1.178654996	2.530915171	05/09/2019	56.60705356	10.29712065	0.285	9.03	3.25	12.565	1.085	82.415	autumn	sand	2	12
autumn_13_rocks	19609.29694	-27.25655079	6.468839757	7.265534691	0.950845615	8.029961086	0.831789541	3	0.304696667	-4.434941028	-4.377032814	-1.56112133	0.012967176	0.012665588	1438.102696	670.3963088	-1.123930097	1.789256339	0.626449898	25.8002098	13.13498974	-3.218875825	-0.335472736	-2.995732274	-0.216913002	17/10/2019	56.44552427	10.95986495	0.04	0.715	0.05	0.805	0.325	5.985	autumn	rocks	3	13
autumn_13_sand	9148.70353	-24.54489748	6.447644955	7.324506486	1.03101221	6.897742315	0.793690884	2	0.37759697	-4.587035868	-4.475759578	-0.45009736	0.01018773	0.011392583	1519.055777	635.0520782	-0.916290732	2.225704049	0.442514136	27.41535732	13.04090214	-1.448169765	0.772420361	-1.931021537	0.93413065	17/10/2019	56.44816462	10.95508786	0.235	2.165	0.145	2.545	0.4	9.26	autumn	sand	3	13
autumn_14_rocks	NA	-29.37874015	NA	6.212783962	NA	NA	0.817965996	2	0.357224621	-4.909732222	-5.121526633	-1.109135871	0.007622288	0.006340324	501.737009	NA	-1.064210862	2.090010493	-0.27603173	27.10616722	15.42168236	-2.162823151	0.186479567	-2.120263536	0.364643114	12/09/2019	56.1388617	10.219473	0.115	1.205	0.12	1.44	0.345	8.085	autumn	rocks	3	14
autumn_14_sand	27135.13581	-24.0264678	4.737907722	6.92040637	2.336649328	5.042114484	0.811465761	2	0.357120909	-4.786516637	-4.744936027	-0.304206762	0.008347932	0.008697177	1014.209869	114.3406526	-1.366491734	2.137120653	0.159922045	26.73888949	15.50922108	-3.506557897	-0.363843433	-1.687399454	-0.094310679	12/09/2019	56.12285239	10.22345435	0.03	0.695	0.185	0.91	0.255	8.475	autumn	sand	3	14
autumn_15_rocks	39022.48441	-23.6344868	5.821036286	8.351017435	2.684131829	6.569671843	0.80354985	1	0.362658333	-3.964334955	-4.717918124	-0.748635557	0.018985725	0.008986489	4235.254585	338.3467272	-0.046043939	2.277779974	0.066385981	28.81402122	12.93408966	-3.218875825	0.512823626	-2.995732274	0.565313809	19/09/2019	55.7030775	9.6995034	0.04	1.67	0.05	1.76	0.955	9.755	autumn	rocks	3	15
autumn_15_sand	37955.8416	-21.16191954	5.663121095	7.831056488	2.322086073	6.837489206	0.800198249	2	0.364085152	-4.73512315	-5.349508683	-1.17436811	0.00894792	0.004757913	2545.980225	290.3712316	0	2.326789782	1.804356259	28.90309459	12.94756222	-4.199705078	-1.801809805	0.076961041	0.231111721	19/09/2019	55.70038092	9.710981	0.015	0.165	1.08	1.26	1	10.245	autumn	sand	3	15
autumn_16_eelgrass	33204.58779	-20.80719585	4.824315638	7.151301689	2.48113673	5.469304133	0.815662428	2	0.334995758	-5.345838003	-5.731857173	-0.644988494	0.004885479	0.003460844	1276.624917	124.5130599	-1.064210862	1.920592341	0.228921719	22.0976984	12.66548824	-4.605170186	-1.406497068	-0.809680997	-0.356674944	18/09/2019	55.5021309	10.61310246	0.01	0.245	0.445	0.7	0.345	6.825	autumn	eelgrass	2	16
autumn_16_rocks	34444.15521	-17.57860987	7.544792038	9.715014159	2.324372801	7.227602676	0.498291488	1	0.728856313	-2.844762918	-4.004793755	0.317189362	0.064298263	0.020096157	18790.25414	2183.18098	-0.407968238	2.047692843	0.979938768	21.88548944	12.49409676	-2.995732274	-0.046043939	0.457424847	0.949725508	18/09/2019	55.48628704	10.59840165	0.05	0.955	1.58	2.585	0.665	7.75	autumn	rocks	2	16
autumn_16_sand	27325.28717	-17.40644965	5.772193681	7.903359525	2.285316524	6.599242536	0.797277124	2	0.374543507	-4.953064282	-5.807592157	-0.827048855	0.007067293	0.003013211	2713.732629	321.5036063	-1.021651248	2.019558832	0.516627603	22.11475489	12.94719028	-3.506557897	-1.139434283	-0.562118918	-0.083381609	18/09/2019	55.49418168	10.61822206	0.03	0.32	0.57	0.92	0.36	7.535	autumn	sand	2	16
autumn_17_eelgrass	27886.35508	-19.32727709	5.617077847	7.850547692	2.387620526	7.010283937	0.782563896	1	0.405771912	-4.829313906	-5.646963722	-1.393206091	0.008088938	0.003529119	2637.132513	280.642213	-0.85566611	2.238579763	0.375916929	27.44520775	14.80323792	-3.912023005	-0.606969484	-0.798507696	0.014888612	16/09/2019	55.48243617	9.71511814	0.02	0.545	0.45	1.015	0.425	9.38	autumn	eelgrass	3	17
autumn_17_rocks	28853.5517	-23.22694771	4.123102331	6.656799196	2.687847545	5.537206893	0.833857474	2	0.315367133	-5.365656843	-5.823359348	-1.414104563	0.004749548	0.002974186	879.2986347	66.49043684	-0.274436846	1.829376333	0.423094542	27.2721379	14.69228935	-3.218875825	0.460584407	0.620576488	1.248468044	16/09/2019	55.48988732	9.72807937	0.04	1.585	1.86	3.485	0.76	6.23	autumn	rocks	3	17
autumn_17_sand	28302.98714	-17.34274418	5.688808179	7.864838006	2.330180506	6.960074485	0.823279123	1	0.341421212	-4.437470718	-5.472967837	-1.271266305	0.01195672	0.00423915	2622.291811	299.2009905	-0.400477567	2.530517161	0.376944235	27.3424993	14.93069649	-3.912023005	-0.967584026	-0.916290732	-0.223143551	16/09/2019	55.4722045	9.72438389	0.02	0.38	0.4	0.8	0.67	12.56	autumn	sand	3	17
autumn_18_rocks	27393.83254	-19.8016525	5.013059774	7.176564265	2.317655171	6.089284226	0.818937915	2	0.34167	-4.739597076	-5.354765692	-1.076224452	0.008804258	0.004786012	1310.177254	151.9742659	0.570979547	3.643751326	2.594934492	24.20350357	14.80176163	-1.687399454	-1.220779923	2.412335957	2.454447442	17/09/2019	55.11464713	9.50277209	0.185	0.295	11.16	11.64	1.77	38.235	autumn	rocks	2	18
autumn_18_sand	29744.86299	-20.2571821	6.061144419	8.299228257	2.392234517	6.653201659	0.754862625	1	0.449219091	-4.429047148	-5.599274806	-0.59205724	0.011978341	0.00372288	4046.280097	431.8405994	0.877549904	3.732058668	NA	24.25895595	14.33679962	-1.491654877	-0.415515444	1.787584098	1.925707442	17/09/2019	55.11825552	9.4882245	0.225	0.66	5.975	6.86	2.405	41.765	autumn	sand	2	18
autumn_19_eelgrass	24878.44127	-20.71214207	5.148583189	7.346194391	2.351761881	6.245585052	0.806109167	2	0.367258205	-4.919613993	-5.663945355	-1.097001863	0.007313237	0.003538958	1561.158944	172.2163709	-0.867500568	2.48823444	1.687033799	17.74977314	12.03675652	-0.891598119	3.267665989	0.270027137	3.331132507	21/10/2019	55.04167237	10.25488398	0.41	26.25	1.31	27.97	0.42	12.04	autumn	eelgrass	2	19
autumn_19_rocks	24052.73666	-20.2842842	5.528617988	7.800419354	2.425952047	6.255513716	0.81676747	2	0.356788485	-4.320219104	-5.577368066	-0.726895729	0.014189413	0.003901612	2651.482595	264.4767176	-0.867500568	1.799231484	0.80203908	18.51820737	12.13624001	-1.46967597	2.610437372	0.415415439	2.731115474	21/10/2019	55.04015914	10.25435219	0.23	13.605	1.515	15.35	0.42	6.045	autumn	rocks	2	19
autumn_19_sand	20092.45594	-17.80923003	5.078019969	7.201958921	2.278089632	5.893833383	0.823399512	2	0.326386111	-4.844419981	-5.643116086	-0.815813414	0.007888032	0.003545993	1343.129941	160.7373544	-1.093624747	1.731655545	1.982019102	18.35552642	11.76206017	-1.63475572	2.386006701	-0.25489225	2.471483629	21/10/2019	55.06489033	10.21874036	0.195	10.87	0.775	11.84	0.335	5.65	autumn	sand	2	19
autumn_20_eelgrass	23797.51171	-16.83161993	5.607512656	7.977044319	2.523682343	5.974517567	0.804241932	1	0.363520909	-4.396480688	-5.288281178	-0.367004911	0.013463875	0.007460016	3443.091853	290.9047761	-2.079441542	1.241268589	0.904048662	14.62111002	12.27562714	-5.298317367	-1.660731207	1.590255093	1.62629503	22/10/2019	54.8791064	11.01524311	0.005	0.19	4.905	5.085	0.125	3.46	autumn	eelgrass	1	20
autumn_20_rocks	23630.729	-19.97734302	4.920489225	7.107343798	2.341005253	5.669392815	0.853355884	3	0.289432424	-4.656458141	-5.303806426	-0.74890359	0.009676152	0.005212554	1222.81864	137.8750488	-2.353878387	0.995101912	0.916098162	14.62492735	12.63769722	-5.298317367	-1.290984181	-0.127833372	0.126632651	22/10/2019	54.8803404	11.0176403	0.005	0.275	0.88	1.135	0.095	2.705	autumn	rocks	1	20
autumn_20_sand	21751.78996	-19.99558159	4.722628043	6.786197155	2.217719792	5.379048398	0.805974558	2	0.352806667	-5.564105646	-6.503801633	-0.656420355	0.00383318	0.001498465	885.7380086	112.5359365	-2.162823151	1.148988496	0.979893822	14.63151744	12.40977383	-5.298317367	-1.448169765	0.856540727	0.947789399	22/10/2019	54.88502254	11.01350353	0.005	0.235	2.355	2.58	0.115	3.155	autumn	sand	1	20
autumn_21_eelgrass	25092.88217	-17.41439245	6.61348711	8.843250095	2.383913664	6.925689613	0.699747711	1	0.508365152	-4.0832144	-5.844051738	-0.312202503	0.017022696	0.002908102	7022.414324	755.755253	-2.733368009	1.549687908	0.260469485	15.72899068	12.23364067	-3.101092789	-0.765717873	1.720979287	1.808288771	23/10/2019	54.91905585	11.49217673	0.045	0.465	5.59	6.1	0.065	4.71	autumn	eelgrass	2	21
autumn_21_rocks	24795.4735	-19.94187859	5.866899284	8.006341145	2.293592541	6.521120004	0.756329236	3	0.437422424	-4.595758687	-5.735515735	-0.654220719	0.0101172	0.003233402	3005.226864	353.6308983	-5.298317367	0.470003629	0.077418577	16.85777504	12.67362499	-5.298317367	-0.363843433	-0.653926467	0.194744077	23/10/2019	54.8378707	11.4936118	0.005	0.695	0.52	1.215	0.005	1.6	autumn	rocks	2	21
autumn_21_sand	21936.65533	-15.7684656	6.020913883	8.111118108	2.244354905	6.992951303	0.794740244	2	0.378508485	-4.725257924	-6.057000541	-0.97203742	0.008902171	0.002355482	3339.265807	412.7368517	-5.298317367	0.024692613	-1.182155743	16.47211128	12.1745863	-5.298317367	-1.560647748	-2.995732274	-1.514127733	23/10/2019	54.84748884	11.47969321	0.005	0.21	0.05	0.22	0.005	1.025	autumn	sand	2	21
autumn_23_rocks	18319.16173	-24.99508095	4.733994752	6.9182189	2.338374828	5.407439921	0.790069585	2	0.34432	-4.035881638	-3.665628692	-0.673445169	0.018504599	0.025766307	1017.690977	114.4539795	-2.040220829	1.153731588	1.029223214	9.231963865	12.53521729	-4.605170186	-0.544727175	-0.088831214	0.408792898	24/10/2019	54.955125	12.4624129	0.01	0.58	0.915	1.505	0.13	3.17	autumn	rocks	1	23
autumn_23_sand	19961.10565	-23.49066287	3.857873379	5.926156053	2.222433354	4.534096211	0.820360992	2	0.31510303	-4.99090841	-5.216892103	-0.676222832	0.007130346	0.005593002	380.2857587	48.23250508	-3.912023005	1.315066852	0.432773799	9.080047563	12.68154907	-5.298317367	-1.427116356	-1.406497068	-0.744440475	24/10/2019	54.95019802	12.47570698	0.005	0.24	0.245	0.475	0.02	3.725	autumn	sand	1	23
autumn_24_eelgrass	29538.66299	-18.42145039	6.688309086	8.799756471	2.265598065	7.386206968	0.721407307	1	0.483426111	-4.166142062	-6.040542781	-0.697897882	0.015598545	0.002391003	6698.943418	808.489658	-3.101092789	0.329303747	1.018469498	10.32708528	11.12942696	-5.298317367	-1.406497068	0.88376754	0.970778917	10/10/2019	55.13308773	12.08769028	0.005	0.245	2.42	2.64	0.045	1.39	autumn	eelgrass	1	24
autumn_24_rocks	31923.30594	-17.63685875	6.54645664	8.590103957	2.197797997	7.486374047	0.724276426	1	0.435311364	-4.276649513	-5.857751591	-0.939917407	0.01394016	0.002967249	5423.352149	701.9835058	-0.733969175	1.670533012	2.273386316	10.25186785	13.21798706	-2.995732274	-0.755022584	0.647103242	0.887891257	10/10/2019	55.1701609	12.0908908	0.05	0.47	1.91	2.43	0.48	5.315	autumn	rocks	1	24
autumn_24_sand	24678.85511	-18.80552533	5.196673399	7.21390296	2.171380241	6.078011429	0.770641998	2	0.409181481	-5.248745978	-6.158595327	-0.881338031	0.005258135	0.002151691	1361.22612	180.8810092	-5.298317367	1.309683259	0.099342069	10.34501222	10.84817219	-5.298317367	-1.328025453	0.521765564	0.660107326	10/10/2019	55.135901	12.10739352	0.005	0.265	1.685	1.935	0.005	3.705	autumn	sand	1	24
autumn_25_eelgrass	31969.11241	-20.45173766	6.676128428	8.892877975	2.370900227	7.090238252	0.720424612	1	0.477848485	-3.581710356	-5.064238629	-0.414109824	0.028547324	0.007533117	8092.33297	885.8481377	-1.514127733	2.214846179	0.34557173	11.01270833	13.23527145	-2.900422094	0.652325186	-0.385662481	0.976444655	03/10/2019	55.56489727	12.28239716	0.055	1.92	0.68	2.655	0.22	9.16	autumn	eelgrass	1	25
autumn_25_rocks	29460.95437	-21.02034012	6.369327408	8.428446122	2.213269394	7.005053107	0.76237003	2	0.416853535	-3.829257865	-4.552229779	-0.635725699	0.021844927	0.011133539	4700.133983	592.8799093	-0.30788478	2.525728644	0.432773799	11.48047651	13.93920994	-2.407945609	0.099845335	0.654925968	1.137833002	03/10/2019	55.56748637	12.28656134	0.09	1.105	1.925	3.12	0.735	12.5	autumn	rocks	1	25
autumn_25_sand	NA	-20.50175107	4.179749485	6.240418998	2.214820193	4.823768493	0.803848834	2	0.357343333	-5.899708769	-6.721514745	-0.644019008	0.002741492	0.001205501	514.6388422	65.43209435	-0.510825624	2.884800713	-0.171389534	11.48569882	13.91094685	-1.687399454	0.182321557	0.906240396	1.350667183	03/10/2019	55.56931596	12.28888679	0.185	1.2	2.475	3.86	0.6	17.9	autumn	sand	1	25
autumn_26_eelgrass	26820.54221	-20.68748154	4.317337271	6.557084609	2.393898018	5.457752948	0.811422228	2	0.357288384	-5.553156999	-6.088740417	-1.140415678	0.003937416	0.002291752	771.0882486	77.9191521	-1.093624747	1.792592456	0.916098162	17.44999892	14.17746925	-3.688879454	0.460584407	-1.448169765	0.612479277	02/10/2019	55.74929873	12.59476462	0.025	1.585	0.235	1.845	0.335	6.005	autumn	eelgrass	2	26
autumn_26_rocks	21993.27254	-20.13805066	4.262946605	6.577642772	2.468846847	5.058304237	0.830369701	2	0.327572727	-4.71311571	-5.215977717	-0.795357632	0.010207243	0.007678674	743.7832878	73.3412349	-1.290984181	1.540087834	0.305581099	18.09406033	14.03590584	-3.506557897	0.09531018	-0.527632742	0.542324291	02/10/2019	55.75903234	12.60278652	0.03	1.1	0.59	1.72	0.275	4.665	autumn	rocks	2	26
autumn_26_sand	20988.30755	-19.90406793	4.312964917	6.522987722	2.364173485	5.473334953	0.812659779	2	0.343427273	-5.424096687	-6.08463172	-1.160370036	0.00441518	0.002279709	685.7576614	75.45464254	-1.021651248	1.641905103	1.065975844	17.85499409	14.3802433	-4.199705078	-1.093624747	-1.742969305	-0.644357016	02/10/2019	55.75146986	12.59356584	0.015	0.335	0.175	0.525	0.36	5.165	autumn	sand	2	26
autumn_27_eelgrass	26323.33276	-22.7170893	5.577418321	7.632287092	2.20901945	5.94112355	0.778847041	2	0.400959091	-4.422735076	-5.569494915	-0.363705229	0.012434996	0.003849272	2212.957286	282.1402647	-1.237874356	1.706564623	0.542984454	19.22930972	12.77262783	-2.590267165	-0.139262067	0.009950331	0.670390193	16/10/2019	56.04229589	12.61937113	0.075	0.87	1.01	1.955	0.29	5.51	autumn	eelgrass	2	27
autumn_27_rocks	21672.29882	-20.19016068	3.682161886	5.767966544	2.239955338	4.857537283	0.831795548	2	0.308202525	-5.41041886	-5.649585496	-1.175375396	0.004482757	0.0036889	321.8789441	39.77954096	-0.342490309	1.691939134	1.145226738	18.60456674	12.78512383	-2.659260037	-0.06720875	1.110211425	1.396244692	16/10/2019	56.0411843	12.6181348	0.07	0.935	3.035	4.04	0.71	5.43	autumn	rocks	2	27
autumn_27_sand	16688.97347	-19.59569356	3.177771145	5.523883925	2.50026346	4.807629764	0.827408021	2	0.316794394	-5.8358892	-6.137893885	-1.629858619	0.002926593	0.002177244	260.6720869	24.38656617	-1.272965676	1.430311247	1.034551696	20.56559768	12.82640076	-2.900422094	-0.407968238	-0.673344553	0.207014169	16/10/2019	56.04450606	12.60919503	0.055	0.665	0.51	1.23	0.28	4.18	autumn	sand	2	27
autumn_28_eelgrass	28033.1175	-22.71824319	4.621078485	6.897539861	2.430612056	5.820596579	0.819324902	2	0.329486768	-5.432987106	-6.098602775	-1.199518094	0.004405578	0.002258116	1006.060846	104.6075611	-1.609437912	1.01523068	0.145674172	19.16525512	12.77928925	-5.298317367	-1.609437912	-0.06720875	0.122217633	01/10/2019	55.95139329	11.8471504	0.005	0.2	0.935	1.13	0.2	2.76	autumn	eelgrass	2	28
autumn_28_rocks	16765.44049	-32.55216423	NA	6.3764143	NA	NA	0.805949038	2.333333333	0.35809596	-5.123703611	-5.704936269	-1.409393893	0.006005111	0.003331107	589.8408494	NA	-1.386294361	1.414638834	0.593850203	19.17607607	13.36939621	-4.199705078	-0.423120043	1.363537374	1.521698998	01/10/2019	55.96726649	11.8442571	0.015	0.655	3.91	4.58	0.25	4.115	autumn	rocks	2	28
autumn_28_sand	25973.35781	-22.09962964	4.31928232	6.471904901	2.306773261	4.412180234	0.810139603	2	0.348441212	-5.067409103	-5.890133454	-0.092897915	0.006304431	0.002772464	664.843337	75.17131535	-1.660731207	1.223775432	0.470870106	18.30380049	13.54317856	-5.298317367	-1.366491734	-0.229413164	0.048790164	01/10/2019	55.96898158	11.84613189	0.005	0.255	0.795	1.05	0.19	3.4	autumn	sand	2	28
autumn_29_eelgrass	56946.71245	-24.77558885	5.402710767	7.619131849	2.370571762	5.878508555	0.799499911	2	0.368737821	-4.600486061	-4.711472859	-0.475797788	0.010132413	0.00906182	2075.570705	227.1534931	1.693779061	2.707716812	1.354962585	14.5029316	14.19524384	-0.653926467	1.251333376	0.987680728	1.902107526	30/09/2019	55.68531813	12.07090738	0.52	3.495	2.685	6.7	5.44	14.995	autumn	eelgrass	1	29
autumn_29_rocks	41398.82637	-29.76373958	3.912279532	6.984628656	3.226499804	4.485743289	0.823653958	3	0.348074848	-4.195232533	-3.046631956	-0.573463757	0.015748712	0.047858365	1091.806628	50.05013904	1.616413526	2.656756907	1.624150121	14.46906247	13.79972839	-0.85566611	1.034962262	0.891998039	1.736951233	30/09/2019	55.67983516	12.06896049	0.425	2.815	2.44	5.68	5.035	14.25	autumn	rocks	1	29
autumn_29_sand	59877.80643	-24.04927149	5.568455772	7.798853094	2.384548002	5.976251169	0.790690428	2	0.37643005	-4.369353908	-4.760198481	-0.407795396	0.012711461	0.008647167	2459.638438	265.1664725	1.591273942	2.731115474	2.105988902	14.56012987	14.06117219	-0.673344553	1.17711535	0.926241063	1.83736998	30/09/2019	55.68356509	12.07310664	0.51	3.245	2.525	6.28	4.91	15.35	autumn	sand	1	29
autumn_3_rocks	8037.296936	-30.63724902	3.625215106	5.655881637	2.184817211	5.639337328	0.845311568	2	0.301124647	-5.478714636	-5.643815881	-2.014122223	0.004181474	0.003540527	293.242372	39.53597709	-0.216913002	2.21211319	0.096763664	32.22219519	15.4725914	-0.673344553	1.009781075	1.719188776	2.178721106	24/09/2019	55.9967104	8.1173628	0.51	2.745	5.58	8.835	0.805	9.135	autumn	rocks	3	3
autumn_3_sand	2348.835109	-26.08858892	4.498739462	5.578902709	1.234313927	6.463235481	0.818987852	2	0.33644064	-5.287973103	-5.385876422	-1.96449602	0.005053968	0.004581293	266.3686887	91.11525054	-1.537117251	2.370243741	1.200850517	32.06534178	14.95973206	-1.801809805	-0.274436846	-2.995732274	-0.025317808	23/09/2019	55.98988942	8.12051726	0.165	0.76	0.05	0.975	0.215	10.7	autumn	sand	3	3
autumn_30_eelgrass	24137.16053	-19.09048361	5.313281486	7.759831677	2.600700871	6.04977739	0.791521051	2.333333333	0.374026364	-4.937789004	-5.764260594	-0.736495905	0.007302137	0.003151945	2429.064289	211.3477492	-1.560647748	0.579418415	-0.214984808	20.59974741	11.36923409	-5.298317367	-1.078809661	0.081579987	0.347129531	09/10/2019	55.75904756	11.31756065	0.005	0.34	1.085	1.415	0.21	1.785	autumn	eelgrass	2	30
autumn_30_rocks	24268.60079	-20.50159325	5.984128338	8.174662751	2.344685092	6.380617339	0.726654286	1	0.478861119	-4.308232644	-5.312706409	-0.396489	0.013643228	0.004934109	3665.826147	405.6208836	-1.347073648	0.715397789	0.26620952	20.59251327	12.26506233	-5.298317367	-0.994252273	-0.579818495	-0.077961541	09/10/2019	55.75466545	11.32239182	0.005	0.37	0.56	0.925	0.26	2.045	autumn	rocks	2	30
autumn_30_sand	20263.65028	-26.01379318	4.355546674	6.844322846	2.642926852	4.358161026	0.807925079	2	0.338020741	-5.466006663	-5.810268172	-0.002614352	0.004349159	0.003343135	959.5302875	78.36419398	-1.491654877	0.38865799	0.309971342	20.57601437	11.32012463	-5.298317367	-1.366491734	1.729884066	1.773255998	09/10/2019	55.75885483	11.34937786	0.005	0.255	5.64	5.89	0.225	1.475	autumn	sand	2	30
autumn_31_eelgrass	24076.74082	-24.22984234	4.91044947	7.251613845	2.495315054	6.134034533	0.801113	2	0.366102564	-4.976764812	-5.970930207	-1.223585063	0.00690005	0.002552988	1418.97756	135.8443964	-2.253794929	1.571736045	0.626377891	14.62589578	12.06023502	-5.298317367	-1.021651248	-0.400477567	0	08/10/2019	55.34659324	11.10107746	0.005	0.36	0.67	1	0.105	4.815	autumn	eelgrass	1	31
autumn_31_rocks	26551.6061	-31.27509348	4.459669876	7.30349678	2.997977584	5.398525646	0.846492553	3	0.288431212	-4.441745728	-3.052080834	-0.938855771	0.01201028	0.049054551	1524.161316	105.1949333	-2.253794929	1.665818246	0.885691554	13.91311981	12.43216896	-5.298317367	-0.606969484	0.194744077	0.551007413	08/10/2019	55.32808218	11.12842404	0.005	0.545	1.215	1.735	0.105	5.29	autumn	rocks	1	31
autumn_31_sand	17548.03033	-29.10943076	3.473795942	6.549115784	3.229470522	5.161878485	0.809705878	2	0.347853636	-5.482324213	-5.575900824	-1.688082543	0.004164109	0.003807555	698.672735	32.48109522	-2.162823151	1.678963975	0.774816657	14.54016914	12.47414112	-5.298317367	-0.928869514	-0.378336441	0.053540767	08/10/2019	55.3475465	11.10117661	0.005	0.395	0.685	1.055	0.115	5.36	autumn	sand	1	31
autumn_32_rocks	18507.00525	-24.59601324	4.45714315	6.699891678	2.396899208	5.66269046	0.80932127	3	0.348309167	-5.37523267	-6.219007591	-1.20554731	0.004766342	0.002617761	877.0573782	94.52671375	-1.966112856	2.130015828	1.253448626	7.773209631	12.97750854	-5.298317367	-1.5847453	-0.28103753	-0.06720875	14/10/2019	55.2521937	14.8263621	0.005	0.205	0.755	0.935	0.14	8.415	autumn	rocks	1	32
autumn_32_sand	13386.95756	-30.97239286	NA	5.628448189	NA	NA	0.830365214	3	0.321658333	-5.852160058	-6.557556449	-1.619660459	0.002889262	0.001427493	278.2356381	NA	-1.63475572	2.269545239	0.585550229	7.764268105	12.98147392	-5.298317367	-1.049822124	-0.723606388	-0.198450939	14/10/2019	55.2571398	14.8194941	0.005	0.35	0.485	0.82	0.195	9.675	autumn	sand	1	32
autumn_33_rocks	18453.09708	-25.83488951	3.820401549	6.518623125	2.852372255	4.177189577	0.842135641	3	0.29910606	-5.049621099	-5.657296293	-0.356788028	0.006464842	0.003606415	689.52162	46.57225374	-1.63475572	2.302585093	1.389123708	7.642738844	13.25653839	-2.079441542	1.657275242	-0.891598119	1.754403683	15/10/2019	55.02243003	14.90372037	0.125	5.245	0.41	5.78	0.195	10	autumn	rocks	1	33
autumn_33_sand	13559.11237	-24.80574672	3.798882229	6.405579667	2.760848117	4.211496924	0.795427456	2	0.359883333	-5.190375256	-6.884700743	-0.412614695	0.005574246	0.001023826	605.2514655	44.90316803	-1.742969305	2.334568139	NA	7.713237434	12.58662796	-3.101092789	0.340037303	-0.229413164	0.808705521	15/10/2019	55.02055438	14.91194958	0.045	1.405	0.795	2.245	0.175	10.325	autumn	sand	1	33
autumn_4_rocks	207.9832499	-24.30632413	4.716414943	5.386287209	0.824022946	6.506247873	0.824864569	2	0.320564293	-5.422464412	-5.303856604	-1.789832929	0.004421563	0.005013949	218.7147167	115.5042522	1.238374231	1.844510035	0.413261272	33.40662686	15.42676163	0.415415439	3.054001182	2.099856726	3.430108725	25/09/2019	57.1265072	8.6208932	1.515	21.2	8.165	30.88	3.45	6.325	autumn	rocks	3	4
autumn_4_sand	413.4032325	-25.58655999	4.079296479	5.166484428	1.241338629	5.50234248	0.800474614	2	0.365882222	-5.30712279	-5.204669011	-1.423046001	0.00498189	0.005517771	175.7930492	59.63476327	-2.813410717	0.751416089	-0.176555295	33.62559783	14.64233112	-3.506557897	-0.713349888	-2.995732274	-0.562118918	25/09/2019	57.1264403	8.6151892	0.03	0.49	0.05	0.57	0.06	2.12	autumn	sand	3	4
autumn_5_rocks	5441.486574	-30.91341435	5.657700901	6.063960514	0.560410293	7.197159048	0.822111811	2	0.516246	-5.149093414	-5.053453038	-1.539458147	0.005821344	0.006450303	436.4233836	294.6756035	-0.470003629	1.459777138	-0.334899728	33.36212882	14.11095619	-0.527632742	1.291983682	2.308070023	2.659210036	26/09/2019	57.14392	10.42871	0.59	3.64	10.055	14.285	0.625	4.305	autumn	rocks	3	5
autumn_5_sand	6681.329119	-27.02197085	6.39719839	5.992148236	-0.250899474	7.179786636	0.83066902	2	0.315220317	-5.038637729	-4.898230034	-0.782588246	0.006490103	0.00746674	402.2266551	604.3947202	-1.514127733	1.373715579	1.31963708	33.29591408	13.93986511	-2.253794929	-0.122167634	0.431782416	0.928219303	26/09/2019	57.5921291	9.94725756	0.105	0.885	1.54	2.53	0.22	3.95	autumn	sand	3	5
autumn_6_rocks	16065.08695	-25.43798713	5.496517331	7.026341768	1.683975117	6.997069	0.829992025	2	0.31296873	-5.169218327	-5.133211427	-1.500551669	0.005813889	0.006344929	1150.998683	257.0524009	-0.928869514	2.296567021	0.822041209	24.55660816	9.206731796	-1.897119985	1.304270526	0.482426149	1.696532619	29/10/2019	57.338797	10.5260316	0.15	3.685	1.62	5.455	0.395	9.94	autumn	rocks	2	6
autumn_6_sand	6048.486086	-22.75479375	5.794238787	6.466056668	0.82596856	6.674067169	0.826177361	2	0.309062573	-5.536529787	-5.745614707	-0.879828382	0.003940195	0.00320279	643.5112267	330.1685208	-1.30933332	1.340250423	0.560322815	25.10060756	9.390329361	-2.407945609	0.497740384	-1.771956842	0.644482009	29/10/2019	57.13986	10.42954	0.09	1.645	0.17	1.905	0.27	3.82	autumn	sand	3	6
autumn_7_rocks	695.2956839	-25.84911658	6.056401699	6.216520748	0.314269729	7.243376095	0.844042574	2	0.289978586	-5.597590427	-5.483695971	-1.186974397	0.003723584	0.004167309	510.4636935	430.6800564	-1.801809805	1.412205743	-0.212926908	25.79792948	10.57108021	-3.218875825	-0.099820335	-2.995732274	-0.005012542	28/10/2019	57.3214171	11.1282307	0.04	0.905	0.05	0.995	0.165	4.105	autumn	rocks	3	7
autumn_7_sand	14.03351988	-22.7087564	6.466702264	6.360469438	0.047917854	6.961417092	0.829464487	2	0.308514361	-5.525346964	-5.575992173	-0.494714829	0.0039851	0.003789823	580.1813376	644.0767281	-1.742969305	1.396244692	0.835113803	26.11983898	11.07722187	-5.298317367	-0.486133011	-2.995732274	-0.407968238	28/10/2019	57.32297997	11.13292171	0.005	0.615	0.05	0.665	0.175	4.04	autumn	sand	3	7
autumn_8_eelgrass	7370.57726	-16.65060684	8.060235442	9.534403254	1.628318491	8.028036657	0.533494297	1	0.668675151	-3.045702057	-3.890667437	0.032198785	0.048037316	0.022975992	13884.94676	3469.213621	-0.025317808	2.726871955	0.985552448	25.91790358	17.43560982	-1.491654877	0.144100344	1.207466694	1.552867561	03/09/2019	57.05959471	9.87131989	0.225	1.155	3.345	4.725	0.975	15.285	autumn	eelgrass	3	8
autumn_8_rocks	2702.872277	-25.66679024	7.537051397	8.581456496	1.198555779	7.761375654	0.691953655	1.333333333	0.497973232	-3.77572049	-4.368861087	-0.224324258	0.022920964	0.012862895	5334.023448	1890.470264	1.06986982	3.444895237	2.047180702	25.6496519	18.14898682	-1.171182982	0.56815069	1.791759469	2.088772869	03/09/2019	57.0550982	9.8705184	0.31	1.765	6	8.075	2.915	31.34	autumn	rocks	3	8
autumn_8_sand	281.4075615	-18.82683306	7.865304217	8.944255567	1.23310203	7.817172825	0.631469307	1	0.569653788	-3.268161648	-3.93762163	0.048131392	0.038090836	0.020058663	7667.985176	2605.384298	0.034401427	2.683074215	0.835113803	25.92457883	17.65885353	-1.742969305	-0.328504067	1.01523068	1.296096093	03/09/2019	57.01030036	9.63479997	0.175	0.72	2.76	3.655	1.035	14.63	autumn	sand	3	8
autumn_9_eelgrass	2145.354636	-19.7439252	6.746851414	8.063821364	1.47112063	7.548753655	0.760225275	1.666666667	0.434741212	-4.394180381	-5.301053142	-0.801902242	0.012571174	0.004998512	3298.960756	869.139157	0.968883182	3.104586678	2.11525654	26.54163277	17.74905586	-2.353878387	-0.994252273	1.431506704	1.53686722	04/09/2019	56.71051209	9.20700727	0.095	0.37	4.185	4.65	2.635	22.3	autumn	eelgrass	3	9
autumn_9_rocks	6289.609479	-20.39777424	6.650352854	7.933037	1.436834827	7.588000938	0.72229709	1	0.480271852	-4.483259243	-5.160017936	-0.937648084	0.011309757	0.005956221	2799.904757	778.3320671	0.920282753	3.219675505	1.79698783	26.46904128	17.84535027	-1.328025453	1.0595249	1.366091654	1.95586048	04/09/2019	56.706257	9.2016147	0.265	2.885	3.92	7.07	2.51	25.02	autumn	rocks	3	9
autumn_9_sand	14673.198	NA	7.074469232	8.756798244	1.836479692	7.800981432	0.725930022	1	0.492182424	-3.879161971	-3.591091173	-0.7265122	0.028377946	0.048591994	13189.43297	1574.065425	1.061256502	3.042854381	2.346889069	26.55463572	17.83140945	-2.900422094	-1.406497068	1.54329811	1.605429891	04/09/2019	56.71280751	9.2091164	0.055	0.245	4.68	4.98	2.89	20.965	autumn	sand	3	9
spring_1_rocks	35302.95797	-23.70605762	3.017290109	5.721381702	2.858242273	4.96968536	0.84145789	2	0.278470085	-5.43367975	-5.602398935	-1.952395251	0.00437346	0.003701665	332.5624615	22.62491983	-0.510825624	1.306980554	1.096477529	28.75403949	20.05633736	-0.693147181	1.764730797	1.436274293	2.355651814	18/06/2019	55.4464839	8.4066144	0.5	5.84	4.205	10.545	0.6	3.695	spring	rocks	3	1
spring_1_sand	37293.70265	-22.48036917	4.043818279	6.312581596	2.422913997	6.434083638	0.796840101	1	0.351740476	-4.945865941	-4.931530595	-2.390265359	0.007116681	0.007266801	553.1871512	57.37149007	-1.347073648	1.0595249	0.65795055	30.35023057	18.27405739	-2.162823151	-0.015113638	1.062985111	1.385043579	18/06/2019	55.46983904	8.31535033	0.115	0.985	2.895	3.995	0.26	2.885	spring	sand	3	1
spring_10_eelgrass	41559.37307	-20.53354848	4.974471708	7.192044785	2.371723757	6.681029084	0.779774057	2	0.40538254	-5.122086584	-5.695528373	-1.706557376	0.005972192	0.003362303	1335.179345	145.2144918	-2.465104022	-2.079441542	-0.249952396	29.17519075	12.18181324	-3.101092789	-1.272965676	-0.168418652	0.157003749	15/05/2019	56.55391126	8.61017776	0.045	0.28	0.845	1.17	0.085	0.125	spring	eelgrass	3	10
spring_10_rocks	39970.906	-18.13628542	5.448438014	7.598007412	2.303720077	6.711951529	0.783573461	1	0.400271111	-4.296830371	-4.34692943	-1.263513515	0.013783522	0.014120963	2024.939443	232.7017908	-2.079441542	-0.820980552	0.265234084	29.35614481	13.30607605	-2.407945609	-0.430782916	0.636576829	0.966983846	15/05/2019	56.55032935	8.61454023	0.09	0.65	1.89	2.63	0.125	0.44	spring	rocks	3	10
spring_10_sand	44037.92264	-19.34553221	5.105230398	7.129789144	2.178709426	6.655535646	0.813031417	2	0.357060606	-5.08677593	-5.956510489	-1.550305248	0.006181375	0.002595901	1253.983001	165.6441525	-2.659260037	-2.040220829	0.293533161	29.02708831	13.50002003	-3.912023005	-2.040220829	-0.25489225	-0.077961541	15/05/2019	56.55925617	8.61504498	0.02	0.13	0.775	0.925	0.07	0.13	spring	sand	3	10
spring_11_rocks	32277.71967	-21.03655703	5.808432573	7.99042305	2.336141157	6.841417781	0.747991755	2	0.444540645	-4.100326163	-3.72047089	-1.032985208	0.016772311	0.032698955	2986.074073	334.1750304	-0.673344553	1.124929597	0.832489481	22.83295137	13.0819788	-3.218875825	-0.693147181	0.086177696	0.488580015	13/05/2019	56.8039704	10.282349	0.04	0.5	1.09	1.63	0.51	3.08	spring	rocks	2	11
spring_11_sand	28725.70167	-21.0615623	4.541793836	6.682287045	2.294643889	5.579891516	0.830559148	2	0.292825362	-5.463341241	-6.098507782	-1.038097681	0.004241742	0.002268645	800.647404	94.15608005	-2.002480501	1.160020917	0.270958329	22.83295137	13.0819788	-4.605170186	-2.659260037	-0.867500568	-0.693147181	13/05/2019	56.79719521	10.28607025	0.01	0.07	0.42	0.5	0.135	3.19	spring	sand	2	11
spring_12_rocks	43517.57971	-20.11475014	5.457966317	7.565198035	2.261382397	6.466157501	0.79173796	1	0.390228889	-4.628187626	-5.409077578	-1.008191183	0.010393194	0.005711526	2014.336409	245.0020854	-0.415515444	2.349945664	0.008815507	21.25637211	NA	-2.590267165	1.01523068	0.466873736	1.488399584	02/05/2019	56.60978684	10.30299737	0.075	2.76	1.595	4.43	0.66	10.485	spring	rocks	2	12
spring_12_sand	45695.87599	-20.30129033	6.268967639	8.317280057	2.202463098	6.872288517	0.708221862	1	0.495964444	-4.258564757	-5.835556324	-0.603320878	0.014166331	0.002950958	4099.701047	528.654653	-0.820980552	3.091951131	0.551773113	19.33911719	NA	-1.801809805	2.116255515	1.098612289	2.439298916	02/05/2019	56.60705356	10.29712065	0.165	8.3	3	11.465	0.44	22.02	spring	sand	2	12
spring_13_rocks	34092.41424	-20.16577663	4.607294128	6.590334425	2.137190977	5.974077483	0.823621445	2	0.328762222	-4.575203684	-3.884258856	-1.366783355	0.01060134	0.021172108	750.4717854	104.635872	-5.298317367	1.529311868	-0.887686562	12.81781925	NA	-5.298317367	0.524728529	-0.287682072	0.891998039	01/05/2019	56.44552427	10.95986495	0.005	1.69	0.75	2.44	0.005	4.615	spring	rocks	1	13
spring_13_sand	35162.30636	-21.4971289	4.912593984	7.042380501	2.283937197	5.969591928	0.785632667	2	0.399882222	-4.50746511	-4.582404457	-1.056997944	0.011038142	0.010474304	1149.212641	136.5697558	-5.298317367	1.207466694	-2.664502598	18.0839327	NA	-5.298317367	-0.294371061	-1.366491734	-0.005012542	01/05/2019	56.44816462	10.95508786	0.005	0.745	0.255	0.995	0.005	3.345	spring	sand	2	13
spring_14_rocks	28324.67737	-23.22078909	2.580682939	5.992248264	3.565716005	3.697616842	0.816258269	3	0.351484445	-4.866498789	-4.518117527	-1.116933903	0.007712846	0.010991899	409.2498637	13.74884176	-3.218875825	0.157003749	0.197550866	21.70366803	11.44521809	-4.199705078	-0.776528789	-0.378336441	0.148420005	27/05/2019	56.1388617	10.219473	0.015	0.46	0.685	1.16	0.04	1.17	spring	rocks	2	14
spring_14_sand	31336.79539	-20.82095932	4.22389461	6.568218722	2.498474791	4.482102168	0.794638505	2	0.382213333	-4.829777198	-4.79494444	-0.258207558	0.007991183	0.008304327	712.8003656	68.30951816	-5.298317367	1.208960346	-0.283953819	19.25923994	12.69237804	-5.298317367	-1.139434283	-0.46203546	-0.061875404	27/05/2019	56.12285239	10.22345435	0.005	0.32	0.63	0.94	0.005	3.35	spring	sand	2	14
spring_15_rocks	45355.5548	-23.81876186	5.026194927	7.567546911	2.695502664	5.693341235	0.851572733	2.666666667	0.278868889	-4.410822632	-4.889280843	-0.667146308	0.012322965	0.007864305	2080.473582	167.053924	-0.438504962	3.196016531	-0.705352884	18.19393525	13.46554661	0.044016885	3.544720358	1.617406082	3.706596575	20/05/2019	55.7030775	9.6995034	1.045	34.63	5.04	40.715	0.645	24.435	spring	rocks	2	15
spring_15_sand	38073.42461	-18.26843772	5.414885169	7.579464694	2.318730205	6.680645794	0.808426135	2	0.362707611	-4.980078504	-6.1293681	-1.265760625	0.006883481	0.002184738	1962.131979	225.2394538	-2.813410717	0.54522705	0.078996629	18.18218301	12.70506668	-5.298317367	-0.083381609	-0.261364764	0.506817602	20/05/2019	55.70038092	9.710981	0.005	0.92	0.77	1.66	0.06	1.725	spring	sand	2	15
spring_16_eelgrass	35517.40873	-17.40805061	5.316065469	7.529751881	2.367837091	5.955141955	0.768703488	1	0.426410617	-4.907676587	-6.03421139	-0.639076486	0.007444363	0.002401943	1893.725999	205.1929234	-3.101092789	1.312378678	0.489529696	16.94203769	13.71061802	-5.298317367	-2.407945609	-0.928869514	-0.755022584	23/05/2019	55.5021309	10.61310246	0.005	0.09	0.395	0.47	0.045	3.715	spring	eelgrass	2	16
spring_16_rocks	35592.73133	-17.65215926	5.521841721	7.626389142	2.258698101	6.063592012	0.781461625	1	0.449951399	-4.780435536	-5.96021047	-0.541750291	0.008477431	0.002586488	2101.140879	254.5753188	-2.590267165	1.371180723	0.585675239	16.98427279	14.59406948	-5.298317367	-1.63475572	-0.527632742	-0.235722334	23/05/2019	55.48628704	10.59840165	0.005	0.195	0.59	0.79	0.075	3.94	spring	rocks	2	16
spring_16_sand	30863.12164	-18.80483189	5.514589406	7.625545087	2.26510636	6.48394175	0.784215782	2	0.404875	-5.012750891	-6.008899767	-0.969352343	0.006656891	0.002459872	2052.549286	248.378377	-1.406497068	1.271164054	0.344660143	17.26333706	15.23068142	-5.298317367	-1.63475572	-0.703197516	-0.378336441	23/05/2019	55.49418168	10.61822206	0.005	0.195	0.495	0.685	0.245	3.565	spring	sand	2	16
spring_17_eelgrass	37898.02932	-18.86304494	5.519106516	7.64286374	2.277907904	6.790046863	0.777414182	2	0.411899495	-4.859424839	-7.089134811	-1.270940346	0.00789274	0.000897631	2135.817049	250.5924444	-1.832581464	-1.123930097	0.68847786	16.28787947	11.91833305	-5.298317367	-1.560647748	-0.68319685	-0.328504067	22/05/2019	55.48243617	9.71511814	0.005	0.21	0.505	0.72	0.16	0.325	spring	eelgrass	2	17
spring_17_rocks	33598.38913	-19.64867505	5.056309863	7.740120638	2.837961455	6.105613928	0.855646399	3	0.276320318	-4.483852554	-6.101146918	-1.049304065	0.011611341	0.002497875	2379.828215	162.5654616	-1.931021537	-0.536143432	0.630430221	16.3566822	11.97326851	-3.506557897	-1.203972804	-0.099820335	0.21107097	22/05/2019	55.48988732	9.72807937	0.03	0.3	0.905	1.235	0.145	0.585	spring	rocks	2	17
spring_17_sand	30036.63133	-16.83519096	5.524457259	7.63812564	2.267819061	6.951916476	0.819395143	2	0.351579017	-4.823701228	-6.308789014	-1.427459217	0.008040575	0.001843559	2080.573566	251.4804809	-2.040220829	-1.15518264	0.614364393	16.08510363	12.16158581	-5.298317367	0.131028262	-0.446287103	0.573800423	22/05/2019	55.4722045	9.72438389	0.005	1.14	0.64	1.775	0.13	0.315	spring	sand	2	17
spring_18_rocks	31753.55694	-20.76759875	4.332735136	6.67959973	2.501015273	5.533938407	0.829159184	2.333333333	0.323093254	-4.945840745	-5.714022322	-1.201203271	0.007147508	0.003454978	798.8924515	76.37426231	-2.040220829	1.534714366	0.665719228	15.54079582	17.09177399	-5.298317367	-1.108662625	-0.85566611	-0.274436846	21/05/2019	55.11464713	9.50277209	0.005	0.33	0.425	0.76	0.13	4.64	spring	rocks	2	18
spring_18_sand	35267.41557	-28.41032483	7.062551099	9.316521764	2.408121345	7.301702437	0.623123281	1	0.577973947	-3.133407661	-4.408033795	-0.239151338	0.043815569	0.015287382	11139.88903	1168.595863	-0.954511945	2.638342789	0.577306849	14.99475114	16.61330795	-2.525728644	0.441475546	-0.274436846	0.873383231	21/05/2019	55.11825552	9.4882245	0.08	1.555	0.76	2.395	0.385	13.99	spring	sand	1	18
spring_19_eelgrass	32961.50889	-21.29639924	5.217428488	7.503318691	2.440040884	6.113803073	0.811347525	2	0.354171111	-4.497910434	-5.42679782	-0.896374585	0.011280948	0.0049791	1818.118719	184.5707719	-1.328025453	-2.995732274	0.650214801	15.34406208	13.51083565	-5.298317367	-1.714798428	-1.237874356	-0.755022584	28/05/2019	55.04167237	10.25488398	0.005	0.18	0.29	0.47	0.265	0.05	spring	eelgrass	2	19
spring_19_rocks	31581.51466	-22.22400411	3.409456821	6.102536802	2.84723066	3.779299824	0.869732742	3	0.232221465	-4.572544867	-4.022007346	-0.369843003	0.010388358	0.021478128	447.4449851	33.30430656	-2.302585093	-2.162823151	0.272099257	15.37561768	13.98300552	-3.506557897	-0.809680997	-0.776528789	-0.06720875	28/05/2019	55.04015914	10.25435219	0.03	0.445	0.46	0.935	0.1	0.115	spring	rocks	2	19
spring_19_sand	27436.65161	-20.00568967	4.760928101	7.041701572	2.434924151	5.633360504	0.805558705	2	0.370047436	-5.057128423	-5.756769811	-0.872432403	0.006370165	0.003161924	1143.677015	116.9828763	-1.078809661	-2.995732274	0.069267303	15.54664499	12.92238522	-4.199705078	-2.302585093	0.152721087	0.246860078	28/05/2019	55.06489033	10.21874036	0.015	0.1	1.165	1.28	0.34	0.05	spring	sand	2	19
spring_20_eelgrass	27417.51892	-18.90037423	5.187613772	7.756819393	2.723356302	5.698725384	0.795954795	2	0.381277778	-4.636107006	-5.766165716	-0.511111613	0.009711916	0.003166658	2370.682539	181.4982178	-1.864330162	0.024692613	-0.607313483	11.89946707	13.07558823	-4.605170186	-1.660731207	-1.366491734	-0.78745786	29/05/2019	54.8791064	11.01524311	0.01	0.19	0.255	0.455	0.155	1.025	spring	eelgrass	1	20
spring_20_rocks	28475.23614	-21.73323129	3.074952129	6.704536463	NA	3.831458351	0.854855309	3	0.289386576	-4.820381208	-4.639135452	-0.756506222	0.00860637	0.014691792	843.4767326	27.00528182	-1.255266099	-1.049822124	0.922146285	10.87760922	16.84225082	-4.199705078	-1.290984181	-2.995732274	-1.078809661	29/05/2019	54.8803404	11.0176403	0.015	0.275	0.05	0.34	0.285	0.35	spring	rocks	1	20
spring_20_sand	25737.01317	-18.42853481	4.688406023	6.722302812	2.188047468	5.335227699	0.796213104	2	0.369403602	-5.593981333	-6.37677779	-0.646821675	0.003721635	0.001733425	830.7706885	108.7035619	-2.207274913	-0.438504962	-0.445308464	11.53804626	13.54700756	-5.298317367	-1.406497068	-0.625488532	-0.242071561	29/05/2019	54.88502254	11.01350353	0.005	0.245	0.535	0.785	0.11	0.645	spring	sand	1	20
spring_21_eelgrass	23942.57628	-16.79839603	6.238904591	8.778622403	2.693868492	6.586612291	0.697980549	1	0.505301923	-4.129056979	-6.004842509	-0.3477077	0.016527615	0.002554631	6713.805138	531.3638211	-5.298317367	0.364643114	-1.940349284	12.03899007	12.9380064	-4.605170186	-1.801809805	-1.328025453	-0.820980552	30/05/2019	54.91905585	11.49217673	0.01	0.165	0.265	0.44	0.005	1.44	spring	eelgrass	1	21
spring_21_rocks	28111.99001	-21.75685786	4.967659984	7.593397381	2.779888077	5.583594168	0.779716543	1.333333333	0.400875253	-4.6227411	-5.221282948	-0.615934184	0.009964515	0.011504718	2043.716769	173.0525975	-1.03563749	1.423108334	-0.601833567	12.4746108	14.64352894	-3.101092789	-0.204567166	0.262364264	0.770108222	30/05/2019	54.8378707	11.4936118	0.045	0.815	1.3	2.16	0.355	4.15	spring	rocks	1	21
spring_21_sand	23069.12376	-18.07441355	5.721930805	7.96483355	2.397053424	6.694410485	0.784230738	2	0.391541667	-4.884079761	-6.28981018	-0.97247968	0.007580294	0.001861416	2883.962954	306.5993569	-2.659260037	0.843720039	-1.676311221	12.63206979	13.81730556	-5.298317367	-2.353878387	-0.994252273	-0.755022584	30/05/2019	54.84748884	11.47969321	0.005	0.095	0.37	0.47	0.07	2.325	spring	sand	1	21
spring_23_rocks	24522.81918	-20.99680404	4.490582524	6.986055581	2.649623737	5.145506417	0.79585552	2	0.369312424	-4.738359323	-3.609486807	-0.654923892	0.008884294	0.029549124	1117.304084	89.87174823	-0.994252273	1.006131436	1.481769726	8.433276394	17.10715294	-4.605170186	-1.832581464	-2.733368009	-1.448169765	27/06/2019	54.955125	12.4624129	0.01	0.16	0.065	0.235	0.37	2.735	spring	rocks	1	23
spring_23_sand	27711.89571	-23.51764833	3.522854186	6.229518812	2.860815306	4.416022549	0.79114549	2	0.376580159	-5.079109025	-4.886680562	-0.893168364	0.006279109	0.008089944	509.7822478	33.9463123	-1.406497068	2.110819077	0.220612697	8.7281692	13.1826601	-2.733368009	-1.609437912	-2.525728644	-1.064210862	27/06/2019	54.95019802	12.47570698	0.065	0.2	0.08	0.345	0.245	8.255	spring	sand	1	23
spring_24_eelgrass	29705.59289	-19.46756372	5.980079554	8.282585516	2.456656641	6.769580418	0.728721671	1	0.470310806	-4.54877921	-6.323660144	-0.789500864	0.010584725	0.001811829	3963.514195	395.9728746	-0.470003629	2.468523171	1.116305451	9.535089381	23.0759697	-4.199705078	-1.687399454	-2.253794929	-1.187443502	26/06/2019	55.13308773	12.08769028	0.015	0.185	0.105	0.305	0.625	11.805	spring	eelgrass	1	24
spring_24_rocks	30867.33496	-18.82816106	5.7810749	8.105276919	2.478352698	7.024685278	0.728930671	2	0.481010897	-4.610746807	-5.941065484	-1.243610377	0.010201261	0.002914495	3354.550227	325.0141028	0.131028262	3.033028058	2.395966409	9.733554073	28.86234474	-3.101092789	-0.588787165	0.281412459	0.654925968	26/06/2019	55.1701609	12.0908908	0.045	0.555	1.325	1.925	1.14	20.76	spring	rocks	1	24
spring_24_sand	26033.26006	-20.25077521	4.514864274	6.926998143	2.566284549	5.50884183	0.781306794	2	0.406074562	-5.486567719	-6.457151897	-0.993977556	0.004216968	0.001581496	1059.399692	92.29644939	-0.242071561	2.72883274	1.35114812	9.347527988	23.26045227	-4.199705078	-2.590267165	-2.995732274	-1.966112856	26/06/2019	55.135901	12.10739352	0.015	0.075	0.05	0.14	0.785	15.315	spring	sand	1	24
spring_25_eelgrass	33202.96193	-22.53470823	6.537436802	8.684448354	2.301162231	6.867602908	0.721608521	1	0.4757867	-3.67958727	-5.328006422	-0.330166105	0.025695655	0.005304416	5934.394198	699.547877	-1.832581464	1.677096561	-0.476347403	10.81097971	15.56078339	-5.298317367	-1.660731207	-1.832581464	-1.093624747	04/06/2019	55.56489727	12.28239716	0.005	0.19	0.16	0.335	0.16	5.35	spring	eelgrass	1	25
spring_25_rocks	32070.12606	-22.98912919	5.216340558	7.418137935	2.355948058	6.259676157	0.776553337	2	0.402904126	-4.693531554	-5.055853035	-1.0433356	0.009263866	0.006560289	1756.02587	196.9438892	-0.274436846	1.404870747	-0.394248853	11.06717261	15.97712803	-1.864330162	0.227135573	0.841567186	1.316408234	04/06/2019	55.56748637	12.28656134	0.155	1.255	2.32	3.73	0.76	4.075	spring	rocks	1	25
spring_25_sand	24596.23387	-21.05917428	3.680609445	6.225207114	2.698748348	4.706948114	0.780139854	2	0.408208532	-5.875083226	-6.552302586	-1.026338669	0.002816713	0.001440917	505.822547	39.70685766	-1.771956842	1.261297871	-1.252635201	11.03499632	15.905406	-5.298317367	-0.994252273	-2.162823151	-0.713349888	04/06/2019	55.56931596	12.28888679	0.005	0.37	0.115	0.49	0.17	3.53	spring	sand	1	25
spring_26_eelgrass	9918.852488	-20.03859418	4.693562905	6.86416975	2.324757525	6.01085168	0.78510539	2	0.403445289	-5.345934801	-6.317047138	-1.317288776	0.004772492	0.001807098	961.1143791	109.4386561	-1.966112856	1.768149604	-0.663830485	9.755808409	15.062994	-5.298317367	-1.897119985	-2.465104022	-1.427116356	10/06/2019	55.74929873	12.59476462	0.005	0.15	0.085	0.24	0.14	5.86	spring	eelgrass	1	26
spring_26_rocks	6576.717663	-22.50384787	5.153511288	7.032820267	2.033459659	5.52290418	0.863692727	3	0.279321845	-4.788783751	-4.109962322	-0.369392892	0.008330528	0.016765264	1135.812372	180.6668119	-1.63475572	1.584120104	-0.831164761	9.595072972	14.94655704	-3.218875825	-0.46203546	-0.438504962	0.273836666	10/06/2019	55.75903234	12.60278652	0.04	0.63	0.645	1.315	0.195	4.875	spring	rocks	1	26
spring_26_sand	8113.165288	-22.66892139	4.462349287	6.298406425	1.990207818	5.877152124	0.818909776	2	0.340406349	-5.224923915	-5.831960685	-1.414802837	0.005390197	0.002955395	544.6894088	86.79175554	-1.801809805	1.726331664	-0.660927473	9.743237106	15.15858269	-5.298317367	-2.207274913	-2.353878387	-1.660731207	10/06/2019	55.75146986	12.59356584	0.005	0.11	0.095	0.19	0.165	5.62	spring	sand	1	26
spring_27_eelgrass	8048.71032	-23.25322358	5.456185775	7.440712019	2.138676924	5.938024282	0.766711286	1	0.420405674	-4.713269854	-5.872967073	-0.481838507	0.00934075	0.002857063	1810.167834	244.7808483	-1.931021537	1.609437912	-0.508007472	14.09675687	16.66413498	-4.199705078	-1.290984181	-0.967584026	-0.400477567	06/06/2019	56.04229589	12.61937113	0.015	0.275	0.38	0.67	0.145	5	spring	eelgrass	1	27
spring_27_rocks	11855.97653	-24.24033651	4.413887348	7.049348894	2.789612226	5.839639405	0.833426032	2.333333333	0.309868788	-4.177633763	-4.920101559	-1.425752057	0.015864834	0.008172695	1243.787903	85.15286876	-0.903868212	1.235471471	0.30792716	14.69614432	19.20914268	-4.605170186	-1.966112856	0.303801454	0.408792898	06/06/2019	56.0411843	12.6181348	0.01	0.14	1.355	1.505	0.405	3.44	spring	rocks	1	27
spring_27_sand	5607.288466	-22.53877017	3.759128945	6.001340017	2.396361752	5.174209376	0.80774718	2	0.351808333	-5.777827075	-6.251545435	-1.415080431	0.003101861	0.001930183	404.9969798	43.46737167	-2.207274913	1.548625773	-0.566927884	15.65692675	15.92436028	-5.298317367	-0.867500568	-1.537117251	-0.470003629	06/06/2019	56.04450606	12.60919503	0.005	0.42	0.215	0.625	0.11	4.705	spring	sand	2	27
spring_28_eelgrass	18310.99865	-20.54605058	4.486901463	6.715345503	2.38259472	6.074784658	0.82580784	2	0.325513636	-5.617434825	-5.492698825	-1.587883195	0.003652356	0.007952401	845.1236506	89.92314414	-2.207274913	0.58221562	0.343588497	17.92607826	15.70296288	-3.218875825	-1.5847453	-0.186329578	0.072320662	05/06/2019	55.95139329	11.8471504	0.04	0.205	0.83	1.075	0.11	1.79	spring	eelgrass	2	28
spring_28_rocks	13622.58358	-23.39649747	2.82953527	5.714051646	3.038667055	4.395446457	0.825244624	2	0.322246667	-5.642110896	-6.021016026	-1.565911187	0.003553804	0.002427498	305.2771105	17.89319648	-1.801809805	0.182321557	-0.343240902	18.01964237	16.07995796	-3.218875825	-0.415515444	1.676161544	1.799231484	05/06/2019	55.96726649	11.8442571	0.04	0.66	5.345	6.045	0.165	1.2	spring	rocks	2	28
spring_28_sand	12231.05395	-22.15174552	4.258301622	6.454008762	2.34985782	4.624855781	0.804858086	1	0.35581792	-5.102294321	-5.804496067	-0.366554159	0.006082836	0.003018669	635.6510704	71.05214577	-2.733368009	0.152721087	-0.699340327	17.90192191	15.15605164	-4.199705078	-1.123930097	1.137833002	1.241268589	05/06/2019	55.96898158	11.84613189	0.015	0.325	3.12	3.46	0.065	1.165	spring	sand	2	28
spring_29_eelgrass	52924.05288	-24.54030288	5.469030133	7.883509159	2.568629706	4.804365427	0.814790119	2	0.355055195	-3.547905109	-3.819027851	NA	0.029125651	0.021971861	2654.002903	237.2356847	0.598836501	2.931193752	-0.205490831	13.23808361	17.19640732	-3.218875825	-1.864330162	-0.223143551	-0.005012542	03/06/2019	55.68531813	12.07090738	0.04	0.155	0.8	0.995	1.82	18.75	spring	eelgrass	1	29
spring_29_rocks	47006.09206	-22.65829746	5.084110712	7.368922197	2.438962164	5.763909229	0.785206613	1	0.409614103	-4.104330013	-3.941008493	-0.679798516	0.017911576	0.021537673	1653.657205	163.5062015	0.652325186	2.61776073	0.767992629	13.37663882	17.30082321	-2.733368009	0.375005901	0.494696242	1.150572028	03/06/2019	55.67983516	12.06896049	0.065	1.455	1.64	3.16	1.92	13.705	spring	rocks	1	29
spring_29_sand	27134.97834	-23.65197993	5.127677669	7.25693516	2.28340817	5.44432983	0.802232934	2	0.363905455	-5.154057208	-6.089818201	-0.31665216	0.005778736	0.002267234	1418.929838	169.3131188	0.641853886	2.827905163	0.471000959	13.32841753	17.84535599	-3.506557897	-1.187443502	1.640936579	1.703838588	03/06/2019	55.68356509	12.07310664	0.03	0.305	5.16	5.495	1.9	16.91	spring	sand	1	29
spring_3_rocks	39364.87096	-25.47852513	3.041749467	5.614863365	2.727264578	5.388384992	0.830371764	2	0.320195555	-5.173068166	-5.426933369	-2.346635525	0.005678892	0.004399799	277.9426916	23.37536979	-1.187443502	1.136229152	1.711677492	31.43626189	18.05178833	-1.897119985	-0.400477567	1.662030363	1.806648082	19/06/2019	55.9967104	8.1173628	0.15	0.67	5.27	6.09	0.305	3.115	spring	rocks	3	3
spring_3_sand	32928.09333	-25.17943556	2.470982646	5.332871266	3.0160393	4.279023077	0.823144662	1	0.338534444	-5.316522359	-5.460974712	-1.808040431	0.004945062	0.004249726	207.0400991	11.91305479	-1.864330162	1.333684411	0.971467214	31.42265521	17.25178528	-1.801809805	0.034401427	1.426716276	1.679896376	19/06/2019	55.98988942	8.12051726	0.165	1.035	4.165	5.365	0.155	3.795	spring	sand	3	3
spring_30_eelgrass	20590.49708	-19.54756385	4.93508819	7.148000729	2.367063218	5.817709178	0.776636742	2	0.405056624	-5.465332492	-6.366095074	-0.882620988	0.004333325	0.001731599	1358.218213	145.754252	-1.801809805	-2.040220829	-0.242950499	13.50357744	19.84371376	-5.298317367	-1.771956842	-1.255266099	-0.809680997	24/06/2019	55.75904756	11.31756065	0.005	0.17	0.285	0.445	0.165	0.13	spring	eelgrass	1	30
spring_30_rocks	20957.88931	-20.06205867	6.229054111	8.201080768	2.126177337	6.611616933	0.734464209	1	0.498064545	-4.264356988	-5.252103156	-0.382562822	0.01480276	0.006948557	3685.778663	521.4447368	-1.687399454	-0.820980552	0.159985824	13.4518497	20.12608719	-3.506557897	-1.123930097	-1.007857925	-0.328504067	24/06/2019	55.75466545	11.32239182	0.03	0.325	0.365	0.72	0.185	0.44	spring	rocks	1	30
spring_30_sand	12809.86234	-20.47418025	4.26615983	6.61067171	2.49866256	4.473724453	0.778532088	2	0.408217857	-5.262453227	-5.848358792	-0.207564624	0.005821333	0.003326615	743.0847557	71.67851729	-1.427116356	-2.465104022	-0.211021106	13.55830711	19.64048004	-5.298317367	-1.406497068	-0.916290732	-0.446287103	24/06/2019	55.75885483	11.34937786	0.005	0.245	0.4	0.64	0.24	0.085	spring	sand	1	30
spring_31_eelgrass	14971.13659	-20.65741654	4.991814883	6.972044898	2.134380694	5.466993633	0.792213537	2	0.375505051	-5.017573454	-6.20149475	-0.47517875	0.00664095	0.002027834	1079.229119	148.0469808	-1.660731207	1.093599747	-0.503044312	11.21605006	18.86519623	-5.298317367	-1.46967597	-1.255266099	-0.673344553	25/06/2019	55.34659324	11.10107746	0.005	0.23	0.285	0.51	0.19	2.985	spring	eelgrass	1	31
spring_31_rocks	15778.13211	-8.843821012	5.120385651	8.078413989	3.112179018	5.111721494	0.871967273	3	0.242946666	-4.60566677	-2.849079299	0.008664156	0.009995655	0.058346676	3590.590779	174.3501269	-1.609437912	-1.03563749	0.577298445	11.15588216	20.00775909	-5.298317367	-0.879476759	-0.673344553	-0.077961541	25/06/2019	55.32808218	11.12842404	0.005	0.415	0.51	0.925	0.2	0.355	spring	rocks	1	31
spring_31_sand	14828.47418	-21.29859804	3.706402015	6.012463546	2.460212211	4.826326189	0.819306935	2	0.319873283	-5.605581705	-6.324671359	-1.119924174	0.003686572	0.001796047	408.860864	40.85292977	-1.290984181	0.968883182	-0.538315116	11.19790007	19.03575897	-5.298317367	-1.203972804	-1.187443502	-0.494296322	25/06/2019	55.3475465	11.10117661	0.005	0.3	0.305	0.61	0.275	2.635	spring	sand	1	31
spring_32_rocks	11858.09671	-24.55669093	5.369972708	7.708107143	2.492285115	5.4760019	0.846100758	3	0.305381548	-4.647278871	-4.888989685	-0.106029192	0.009606901	0.007837954	2257.69647	218.0219775	-0.470003629	1.302912752	0.402339818	7.619033368	14.45507145	-5.298317367	-0.903868212	-0.597837001	-0.046043939	13/06/2019	55.2521937	14.8263621	0.005	0.405	0.55	0.955	0.625	3.68	spring	rocks	1	32
spring_32_sand	10014.74463	-29.79184922	NA	5.357108573	NA	NA	0.807709468	3	0.366531838	-6.307280542	-7.334449378	-1.287921674	0.001824974	0.000652868	214.1250505	NA	-1.007857925	2.093097868	0.369782541	7.621165939	14.23378658	-5.298317367	-0.634878272	1.086877032	1.251333376	13/06/2019	55.2571398	14.8194941	0.005	0.53	2.965	3.495	0.365	8.11	spring	sand	1	32
spring_33_rocks	8234.102012	-26.26852893	3.989501551	6.197478323	2.362127452	4.082091245	0.820364437	2	0.349239627	-5.065331612	-5.593518673	-0.092589694	0.006312898	0.003783277	492.4534952	56.74386357	-0.820980552	0.148420005	-0.077993565	7.587817462	18.72673798	-5.298317367	-1.801809805	-1.021651248	-0.644357016	11/06/2019	55.02243003	14.90372037	0.005	0.165	0.36	0.525	0.44	1.16	spring	rocks	1	33
spring_33_sand	1898.075157	-23.57856837	4.811578421	6.297675466	1.640247725	4.717057864	0.790773289	2	0.37461453	-5.500715021	-7.036156502	0.094520557	0.004083934	0.000879517	544.0631455	125.0357448	-1.832581464	1.684545385	-1.474339244	7.662561211	15.51673889	-5.298317367	-2.040220829	-0.820980552	-0.562118918	11/06/2019	55.02055438	14.91194958	0.005	0.13	0.44	0.57	0.16	5.39	spring	sand	1	33
spring_4_rocks	37055.1941	-23.00418573	3.733095787	5.966560429	2.387615322	5.16324286	0.850089489	3	0.259008889	-3.916496071	-4.22876178	-1.430147073	0.020384102	0.014583048	394.491758	42.24062768	-0.294371061	1.608437412	1.612306814	32.34246696	15.91403008	-0.693147181	1.420695788	1.457451555	2.189976149	20/06/2019	57.1265072	8.6208932	0.5	4.14	4.295	8.935	0.745	4.995	spring	rocks	3	4
spring_4_sand	34129.68934	-27.96473153	NA	4.981706831	NA	NA	0.818921091	2	0.340588889	-5.379972819	-5.357484766	-1.691496962	0.004610654	0.004725044	145.9347601	NA	-1.448169765	1.080108817	-0.34757545	32.36683029	15.48829651	-1.63475572	0.42199441	1.659180004	1.942332328	20/06/2019	57.1264403	8.6151892	0.195	1.525	5.255	6.975	0.235	2.945	spring	sand	3	4
spring_5_rocks	22337.71202	-24.8086355	2.717461934	5.549007827	2.985696573	3.636905294	0.854757335	2.666666667	0.271971111	-4.541415838	-4.511168301	-0.91944336	0.011374909	0.011337735	265.0573576	17.02888976	-1.771956842	0.081579987	1.493918207	32.84884595	10.16619873	-3.101092789	-0.192371893	0.004987542	0.628608659	09/05/2019	57.59591614	9.95747873	0.045	0.825	1.005	1.875	0.17	1.085	spring	rocks	3	5
spring_5_sand	27529.13394	-23.48966788	2.917987181	5.43471998	2.670883478	2.984205254	0.831914239	2	0.332282915	-4.869947133	-4.906896866	-0.066218073	0.007700578	0.007399796	232.2393379	18.71417522	-2.040220829	0.473123757	-0.345458689	32.72651332	9.203084946	-3.218875825	-0.579818495	-0.287682072	0.300104592	09/05/2019	57.5921291	9.94725756	0.04	0.56	0.75	1.35	0.13	1.605	spring	sand	3	5
spring_6_rocks	32897.68448	-22.32573989	4.853773092	7.034517917	2.334895505	5.405649745	0.815815188	2	0.335381667	-4.428705125	-4.44815099	-0.551876652	0.012736348	0.014972007	1215.076262	136.618852	-0.562118918	1.889339798	0.461563782	25.9777931	11.06990814	-2.525728644	0.871293366	0.014888612	1.248468044	08/05/2019	57.338797	10.5260316	0.08	2.39	1.015	3.485	0.57	6.615	spring	rocks	3	6
spring_6_sand	26685.50552	-20.93543228	4.681365828	6.731545065	2.204329917	5.729169353	0.81221342	1	0.352828645	-5.177184848	-5.754402701	-1.047803525	0.00565687	0.003184774	839.0590851	108.0426568	-2.162823151	0.729961154	0.585675239	26.00193447	8.911482811	-4.199705078	-1.560647748	0.072320662	0.262364264	08/05/2019	57.31914996	10.53214435	0.015	0.21	1.075	1.3	0.115	2.075	spring	sand	3	6
spring_7_rocks	30933.9052	-24.25434667	3.623855709	6.065007963	2.595302934	3.822478781	0.895180322	2.666666667	0.19295381	-4.997763635	-4.880070249	-0.198623071	0.007011003	0.009048287	458.8087693	42.11493484	-2.040220829	0.966983846	-0.643869398	19.59797498	9.922463417	-3.218875825	-0.891598119	0.058268908	0.412109651	07/05/2019	57.3214171	11.1282307	0.04	0.41	1.06	1.51	0.13	2.63	spring	rocks	2	7
spring_7_sand	17804.34785	-26.62230973	NA	5.215090556	NA	NA	0.847500043	3	0.278547734	-5.423004921	-6.137997991	0.282336965	0.004430306	0.002174597	186.5941241	NA	-2.659260037	1.133013715	-0.953734211	19.59797498	9.922463417	-4.605170186	-2.813410717	-0.570929548	-0.45413028	07/05/2019	57.32297997	11.13292171	0.01	0.06	0.565	0.635	0.07	3.105	spring	sand	2	7
spring_8_eelgrass	41855.51508	-16.84729934	6.953852674	9.231614214	2.43191222	7.011569056	0.608806357	1	0.575448095	-3.315951615	-4.610938499	-0.057716382	0.03648138	0.009967247	10312.4948	1053.770824	-1.660731207	0.587786665	1.588154218	26.08535954	10.2158289	-5.298317367	-2.253794929	-0.274436846	-0.145025772	06/05/2019	57.05959471	9.87131989	0.005	0.105	0.76	0.865	0.19	1.8	spring	eelgrass	3	8
spring_8_rocks	36361.21866	-25.75539442	5.735984353	8.120630827	2.538797153	6.333308862	0.785547688	1	0.373076162	-3.912405653	-4.710751911	-0.597324509	0.020031206	0.009360157	3386.363592	313.0028297	-1.832581464	1.337629189	0.891901283	26.19450137	9.756940842	-2.659260037	0.562468857	0.712949808	1.351961682	16/05/2019	57.0550982	9.8705184	0.07	1.755	2.04	3.865	0.16	3.81	spring	rocks	3	8
spring_8_sand	40669.79297	-16.04852716	6.690933857	9.0167193	2.479936123	6.691462733	0.629849058	1	0.57322094	-3.252966862	-3.339180103	-0.000528876	0.038673821	0.036591218	8293.262264	806.4466372	-5.298317367	1.312378678	-0.085732923	26.23377627	13.06766129	-4.605170186	0.081579987	-0.248461359	0.628608659	06/05/2019	57.01030036	9.63479997	0.01	1.085	0.78	1.875	0.005	3.715	spring	sand	3	8
spring_9_eelgrass	48809.55466	-19.13321817	5.97530401	8.035235304	2.214081974	6.771383231	0.753846332	1	0.430618056	-4.451079733	-5.413426887	-0.796079221	0.011966228	0.004597674	3150.259533	397.1085025	-1.832581464	1.987874348	0.244580926	23.93778546	12.35728073	-0.809680997	1.905088155	0.922272804	2.270061901	14/05/2019	56.71051209	9.20700727	0.445	6.72	2.515	9.68	0.16	7.3	spring	eelgrass	2	9
spring_9_rocks	52267.29095	-19.40312702	6.427519245	8.31815071	2.044782144	6.994165568	0.721200988	1	0.473862521	-3.955223638	-4.329864803	-0.566646322	0.019849937	0.01659403	4266.753168	667.176268	-0.502526821	2.174751721	-0.117539281	24.04327571	12.85373688	-0.415515444	2.101692151	1.539015448	2.602689685	14/05/2019	56.706257	9.2016147	0.66	8.18	4.66	13.5	0.605	8.8	spring	rocks	2	9
spring_9_sand	47555.41355	-19.25406694	5.854056904	7.764939765	2.065033541	6.914469364	0.756659247	2	0.43941047	-4.10882091	-3.715983795	-1.06041246	0.016433029	0.024739282	2368.697844	350.7728346	-1.801809805	2.283911828	-0.913472579	23.86543664	11.87744999	-0.536143432	2.198335072	0.354171814	2.399711804	14/05/2019	56.71280751	9.2091164	0.585	9.01	1.425	11.02	0.165	9.815	spring	sand	2	9