cube_d14N_15N	d12C_13C	log_N	log_C	log_CN_ratio	log_NP_ratio	Dry_matter	Grain_size	Water_content	log_Organic_content	log_Inorganic_content	log_TP	Organic_content	Inorganic_content	C	N	log_PO4	log_Si	log_Chlorophyll	Salinity	Temperature	log_NO2	log_NO3	log_NH3	log_DN	Time	Latitude	Longitude	NO2	NO3	NH3	DN	PO4	Si	season	habitat	sal_group	cluster
autumn_1_rocks	17007.8751749728	-33.63798969	5.3900677081987	7.70580206684084	2.4698850382329	6.275159876225	0.790126739666667	2	0.381657154666667	-4.38065708834348	-4.73382456399874	-0.885092168026296	0.013007192	0.009077479	2454.710964	228.343411066667	-0.162518929497775	2.28136145654242	0.845411650897727	28.44073047	15.92016506	-0.393042588109607	2.55334381134123	1.73958859689915	2.95595140354215	24-09-19	55.4464839	8.4066144	0.675	12.85	5.695	19.22	0.85	9.79	autumn	rocks	3	1
autumn_1_sand	9966.05854927138	-24.0133823466667	4.10773981127543	6.20190328639793	2.24831415486834	5.90854602636163	0.814219661666667	2	0.330116111	-4.99777611049111	-5.24741517362845	-1.8008062150862	0.00675721133333333	0.00526226266666667	497.558366033333	60.8618694833333	-1.32802545299591	2.39698576841553	1.19180043612931	31.40622371	14.86349869	-1.32802545299591	0.795252403497099	-0.478035800943	1.1314021114911	24-09-19	55.46983904	8.31535033	0.265	2.215	0.62	3.1	0.265	10.99	autumn	sand	3	1
autumn_10_eelgrass	4577.47859403388	-19.2470606866667	6.25168996881764	7.36830303766631	1.27076374838943	7.88238399004917	0.793977319666667	2	0.387804848333333	-5.13752105668723	-5.50302265793344	-1.63069402123153	0.005930045	0.00408625	1685.227619	527.605678366667	-0.156653810045377	3.60127699337781	1.29533560081753	29.95134094	16.59964752	-1.89711998488588	-0.765717873394781	1.0952733874026	1.28232177073691	09-09-19	56.55391126	8.61017776	0.15	0.465	2.99	3.605	0.855	36.645	autumn	eelgrass	3	10
autumn_10_rocks	19731.8711316798	-23.19089851	7.18148503863381	7.92137740860421	0.894043049794132	8.37367778458236	0.808241221666667	1	0.338299697	-4.01388228527131	-3.53968163544258	-1.19219274594854	0.0186400786666667	0.029293171	2772.54694866667	1361.80542493333	-0.083381608939051	3.55177024014153	1.63005917945528	29.89684525	16.1827774	-1.36649173382371	0.113328685307003	2.00619857991212	2.17588743994809	10-09-19	56.55032935	8.61454023	0.255	1.12	7.435	8.81	0.92	34.875	autumn	rocks	3	10
autumn_10_sand	65.1988684729245	-19.07288358	6.62379713360508	7.34869776401527	0.87905131038987	8.06600296489964	0.801420058	2	0.367042222333333	-4.90065714555617	-5.72294772552164	-1.44220583129455	0.007461021	0.00327359	1556.55000166667	758.2422065	-0.502526820951296	3.62620585958588	1.30349917802567	30.00251403	16.72975922	-1.58474529984373	-0.502526820951296	0.741937344729377	1.0681530811834	09-09-19	56.55925617	8.61504498	0.205	0.605	2.1	2.91	0.605	37.57	autumn	sand	3	10
autumn_11_rocks	25187.3419122619	-21.20087496	6.22383934808482	8.13005814970731	2.06036948148871	7.20436180917883	0.772816935	1.33333333333333	0.410559220666667	-4.09964058475449	-4.55340222764743	-0.980522461094013	0.0166389766666667	0.0138539096666667	3549.53557166667	625.541081666667	0.378436435720245	2.41412646772695	0.30787215114956	28.69282292	18.0800972	-2.59026716544583	-0.553385238184787	1.01884732019925	1.22964055107451	02-09-19	56.8039704	10.282349	0.075	0.575	2.77	3.42	1.46	11.18	autumn	rocks	3	11
autumn_11_sand	8149.81408338597	-20.2296628566667	5.4006311884399	6.77827112978555	1.53179062120842	6.73609523213947	0.824092289666667	2	0.309383333333333	-5.41146660641628	-5.79956362464635	-1.33546404369957	0.00486003966666667	0.003043568	880.3176386	225.6933315	-0.438504962186365	1.99673904991459	0.261714614259715	29.26305749	17.19214821	-3.68887945411394	-2.00248050054371	-0.174353387144778	0	02-09-19	56.79719521	10.28607025	0.025	0.135	0.84	1	0.645	7.365	autumn	sand	3	11
autumn_12_rocks	11850.3343282452	-23.7243889533333	6.4869433224959	7.59024939816778	1.25745675563925	7.94175515516501	0.813469868333333	2	0.353582474666667	-4.33771085360609	-4.95628743775363	-1.45481183266911	0.0139532956666667	0.00866702	1989.28789333333	696.857618	0.211070970079941	4.44851637594271	1.21426500881286	19.19471169	15.94149971	-1.06421086195078	2.29202957905453	1.23982245721963	2.61703080271504	05-09-19	56.60978684	10.30299737	0.345	9.895	3.455	13.695	1.235	85.5	autumn	rocks	2	12
autumn_12_sand	31384.4408713517	-20.9558460266667	6.47946918765721	8.21569326737702	1.8903747596288	6.90626572944496	0.713095535333333	1	0.495884848333333	-4.51887452269197	-5.6268503973644	-0.426796541787756	0.010911444	0.00360218933333333	3706.957375	781.027194833333	0.0815799869924228	4.41176745918332	1.16413879408844	20.48894056	15.28698158	-1.25526609871349	2.20055236742889	1.17865499634165	2.53091517099556	05-09-19	56.60705356	10.29712065	0.285	9.03	3.25	12.565	1.085	82.415	autumn	sand	2	12
autumn_13_rocks	19609.2969410857	-27.2565507933333	6.46883975655546	7.26553469140396	0.9508456146536	8.02996108608781	0.831789541	3	0.304696666666667	-4.43494102794057	-4.37703281412244	-1.56112132953234	0.0129671756666667	0.0126655876666667	1438.10269566667	670.396308833333	-1.1239300966524	1.78925633900994	0.626449897905889	25.8002098	13.13498974	-3.2188758248682	-0.335472736288129	-2.99573227355399	-0.216913001563574	17-10-19	56.44552427	10.95986495	0.04	0.715	0.05	0.805	0.325	5.985	autumn	rocks	3	13
autumn_13_sand	9148.70352995487	-24.5448974833333	6.44764495507723	7.32450648559554	1.03101221035799	6.89774231534764	0.793690884	2	0.377596969666667	-4.58703586799472	-4.47575957830887	-0.450097360270405	0.01018773	0.011392583	1519.055777	635.0520782	-0.916290731874155	2.22570404865809	0.442514136012979	27.41535732	13.04090214	-1.44816976483798	0.772420361454453	-1.93102153656156	0.934130650002486	17-10-19	56.44816462	10.95508786	0.235	2.165	0.145	2.545	0.4	9.26	autumn	sand	3	13
autumn_14_rocks	NA	-29.37874015	NA	6.21278396159527	NA	NA	0.817965995666667	2	0.357224621333333	-4.90973222152842	-5.12152663335456	-1.10913587056448	0.00762228833333333	0.006340324	501.737009033333	NA	-1.06421086195078	2.09001049302907	-0.276031730011766	27.10616722	15.42168236	-2.16282315061889	0.186479566942618	-2.12026353620009	0.364643113587909	12-09-19	56.1388617	10.219473	0.115	1.205	0.12	1.44	0.345	8.085	autumn	rocks	3	14
autumn_14_sand	27135.1358085424	-24.0264677966667	4.73790772205933	6.92040637043529	2.33664932827242	5.04211448444995	0.811465761333333	2	0.357120909	-4.78651663709244	-4.74493602690899	-0.304206762390618	0.00834793166666667	0.008697177	1014.20986923333	114.3406526	-1.36649173382371	2.13712065326651	0.159922044559005	26.73888949	15.50922108	-3.50655789731998	-0.363843433417345	-1.68739945390381	-0.0943106794712414	12-09-19	56.12285239	10.22345435	0.03	0.695	0.185	0.91	0.255	8.475	autumn	sand	3	14
autumn_15_rocks	39022.4844134457	-23.6344867966667	5.8210362858043	8.35101743483198	2.68413182868606	6.56967184317487	0.80354985	1	0.362658333333333	-3.96433495482197	-4.71791812414341	-0.748635557370569	0.018985725	0.00898648866666667	4235.25458533333	338.346727233333	-0.0460439385014068	2.27777997407507	0.0663859810321246	28.81402122	12.93408966	-3.2188758248682	0.512823626428664	-2.99573227355399	0.56531380905006	19-09-19	55.7030775	9.6995034	0.04	1.67	0.05	1.76	0.955	9.755	autumn	rocks	3	15
autumn_15_sand	37955.8416044725	-21.1619195366667	5.66312109536748	7.83105648828103	2.32208607274682	6.8374892055261	0.800198249333333	2	0.364085151666667	-4.73512315003172	-5.34950868252945	-1.17436811015862	0.00894792	0.004757913	2545.98022466667	290.371231633333	0	2.32678978169086	1.80435625864987	28.90309459	12.94756222	-4.19970507787993	-1.80180980508156	0.0769610411361284	0.231111720963387	19-09-19	55.70038092	9.710981	0.015	0.165	1.08	1.26	1	10.245	autumn	sand	3	15
autumn_16_eelgrass	33204.587787034	-20.8071958466667	4.82431563820843	7.1513016887598	2.48113672991294	5.46930413258895	0.815662427666667	2	0.334995757666667	-5.34583800333379	-5.73185717309213	-0.644988494380515	0.00488547933333333	0.00346084366666667	1276.624917	124.513059933333	-1.06421086195078	1.92059234107102	0.228921719103381	22.0976984	12.66548824	-4.60517018598809	-1.40649706843741	-0.809680996815897	-0.356674943938732	18-09-19	55.5021309	10.61310246	0.01	0.245	0.445	0.7	0.345	6.825	autumn	eelgrass	2	16
autumn_16_rocks	34444.155212118	-17.5786098733333	7.54479203754041	9.71501415869854	2.32437280092824	7.22760267584101	0.498291488	1	0.728856313333333	-2.84476291808798	-4.00479375473012	0.317189361699405	0.0642982626666667	0.0200961566666667	18790.254141	2183.18097983333	-0.407968238326283	2.04769284336526	0.979938768397963	21.88548944	12.49409676	-2.99573227355399	-0.0460439385014068	0.457424847038875	0.949725507960392	18-09-19	55.48628704	10.59840165	0.05	0.955	1.58	2.585	0.665	7.75	autumn	rocks	2	16
autumn_16_sand	27325.2871689246	-17.4064496466667	5.77219368138109	7.90335952512531	2.2853165235306	6.59924253632284	0.797277124333333	2	0.374543506666667	-4.95306428232355	-5.8075921568479	-0.827048854941753	0.007067293	0.00301321133333333	2713.73262933333	321.503606333333	-1.02165124753198	2.01955883207846	0.516627603084742	22.11475489	12.94719028	-3.50655789731998	-1.13943428318836	-0.562118918153541	-0.0833816089390511	18-09-19	55.49418168	10.61822206	0.03	0.32	0.57	0.92	0.36	7.535	autumn	sand	2	16
autumn_17_eelgrass	27886.3550828107	-19.32727709	5.61707784650053	7.8505476924012	2.38762052580647	7.01028393701229	0.782563896	1	0.405771911666667	-4.82931390558639	-5.64696372222998	-1.39320609051177	0.00808893833333333	0.00352911866666667	2637.13251266667	280.642212966667	-0.85566611005772	2.23857976301813	0.375916928810196	27.44520775	14.80323792	-3.91202300542815	-0.606969484318893	-0.798507696217772	0.0148886124937506	16-09-19	55.48243617	9.71511814	0.02	0.545	0.45	1.015	0.425	9.38	autumn	eelgrass	3	17
autumn_17_rocks	28853.5517008793	-23.2269477066667	4.12310233057434	6.65679919578309	2.6878475450139	5.53720689343204	0.833857474	2	0.315367133	-5.36565684332476	-5.82335934786177	-1.41410456285771	0.00474954833333333	0.00297418566666667	879.298634666667	66.4904368366667	-0.27443684570176	1.82937633279936	0.423094541741722	27.2721379	14.69228935	-3.2188758248682	0.460584407329244	0.62057648772511	1.24846804421249	16-09-19	55.48988732	9.72807937	0.04	1.585	1.86	3.485	0.76	6.23	autumn	rocks	3	17
autumn_17_sand	28302.987144585	-17.3427441833333	5.68880817943633	7.86483800626686	2.33018050624474	6.96007448461874	0.823279123	1	0.341421212333333	-4.43747071798011	-5.47296783692503	-1.2712663051824	0.01195672	0.00423915	2622.29181133333	299.2009905	-0.400477566597125	2.53051716104005	0.376944234585533	27.3424993	14.93069649	-3.91202300542815	-0.967584026261706	-0.916290731874155	-0.22314355131421	16-09-19	55.4722045	9.72438389	0.02	0.38	0.4	0.8	0.67	12.56	autumn	sand	3	17
autumn_18_rocks	27393.83253638	-19.8016525033333	5.01305977359048	7.17656426527987	2.31765517139273	6.0892842260691	0.818937914666667	2	0.34167	-4.73959707575402	-5.35476569153771	-1.07622445247863	0.008804258	0.004786012	1310.17725366667	151.974265933333	0.570979546585738	3.64375132649619	2.59493449151427	24.20350357	14.80176163	-1.68739945390381	-1.22077992264232	2.41233595695316	2.45444744230329	17-09-19	55.11464713	9.50277209	0.185	0.295	11.16	11.64	1.77	38.235	autumn	rocks	2	18
autumn_18_sand	29744.8629893206	-20.2571821033333	6.06114441913195	8.29922825651094	2.39223451748388	6.65320165926923	0.754862625	1	0.449219091	-4.42904714802439	-5.59927480638851	-0.592057240137286	0.011978341	0.00372288033333333	4046.28009666667	431.840599366667	0.877549903557724	3.73205866820787	NA	24.25895595	14.33679962	-1.49165487677772	-0.415515443961666	1.78758409781757	1.92570744173779	17-09-19	55.11825552	9.4882245	0.225	0.66	5.975	6.86	2.405	41.765	autumn	sand	2	18
autumn_19_eelgrass	24878.4412745177	-20.71214207	5.14858318910363	7.34619439059691	2.35176188131636	6.24558505233593	0.806109167333333	2	0.367258205	-4.91961399345602	-5.66394535489165	-1.0970018632323	0.00731323733333333	0.00353895766666667	1561.15894433333	172.2163709	-0.867500567704723	2.48823443988067	1.68703379886516	17.74977314	12.03675652	-0.891598119283784	3.26766598903763	0.27002713721306	3.33113250721387	21-10-19	55.04167237	10.25488398	0.41	26.25	1.31	27.97	0.42	12.04	autumn	eelgrass	2	19
autumn_19_rocks	24052.7366615161	-20.2842842	5.52861798758807	7.80041935432629	2.42595204675969	6.2555137161165	0.816767469666667	2	0.356788485	-4.32021910361472	-5.57736806555478	-0.726895728528429	0.014189413	0.003901612	2651.48259533333	264.476717633333	-0.867500567704723	1.79923148406676	0.802039080284783	18.51820737	12.13624001	-1.46967597005894	2.61043737223521	0.415415438961332	2.73111547403321	21-10-19	55.04015914	10.25435219	0.23	13.605	1.515	15.35	0.42	6.045	autumn	rocks	2	19
autumn_19_sand	20092.4559420168	-17.8092300266667	5.07801996859397	7.2019589208052	2.27808963195293	5.89383338264092	0.823399512333333	2	0.326386111	-4.84441998144762	-5.64311608617031	-0.815813414046953	0.00788803233333333	0.00354599333333333	1343.12994133333	160.737354433333	-1.09362474715707	1.73165554515835	1.98201910248801	18.35552642	11.76206017	-1.63475572041839	2.38600670113312	-0.25489224962879	2.47148362945586	21-10-19	55.06489033	10.21874036	0.195	10.87	0.775	11.84	0.335	5.65	autumn	sand	2	19
autumn_20_eelgrass	23797.5117112585	-16.83161993	5.60751265587876	7.97704431941513	2.52368234349471	5.97451756669191	0.804241932	1	0.363520909	-4.39648068841394	-5.28828117750154	-0.367004910813148	0.0134638746666667	0.007460016	3443.09185266667	290.904776133333	-2.07944154167984	1.24126858906963	0.904048662188461	14.62111002	12.27562714	-5.29831736654804	-1.66073120682165	1.59025509301733	1.62629502950052	22-10-19	54.8791064	11.01524311	0.005	0.19	4.905	5.085	0.125	3.46	autumn	eelgrass	1	20
autumn_20_rocks	23630.7290001155	-19.9773430233333	4.9204892252983	7.10734379828045	2.34100525276956	5.66939281515937	0.853355884333333	3	0.289432424333333	-4.65645814129314	-5.30380642561401	-0.748903589861069	0.009676152	0.00521255366666667	1222.81864033333	137.8750488	-2.3538783873816	0.995101912298445	0.916098162133793	14.62492735	12.63769722	-5.29831736654804	-1.29098418131557	-0.127833371509885	0.126632650933366	22-10-19	54.8803404	11.0176403	0.005	0.275	0.88	1.135	0.095	2.705	autumn	rocks	1	20
autumn_20_sand	21751.7899580828	-19.9955815933333	4.72262804301748	6.78619715500444	2.21771979178151	5.37904839834484	0.805974558	2	0.352806666666667	-5.56410564593723	-6.50380163344957	-0.656420355327356	0.00383318	0.00149846466666667	885.738008566667	112.535936533333	-2.16282315061889	1.14898849599318	0.979893821507066	14.63151744	12.40977383	-5.29831736654804	-1.44816976483798	0.856540727468381	0.947789398933526	22-10-19	54.88502254	11.01350353	0.005	0.235	2.355	2.58	0.115	3.155	autumn	sand	1	20
autumn_21_eelgrass	25092.8821695374	-17.4143924466667	6.61348711041379	8.84325009495108	2.38391366421	6.92568961314321	0.699747710666667	1	0.508365151666667	-4.08321439974329	-5.84405173844332	-0.312202502729426	0.0170226956666667	0.00290810233333333	7022.414324	755.755253	-2.7333680090865	1.54968790802833	0.260469485121724	15.72899068	12.23364067	-3.10109278921182	-0.765717873394781	1.72097928716701	1.80828877117927	23-10-19	54.91905585	11.49217673	0.045	0.465	5.59	6.1	0.065	4.71	autumn	eelgrass	2	21
autumn_21_rocks	24795.4734964723	-19.9418785866667	5.86689928434185	8.00634114544354	2.29359254090629	6.52112000381105	0.756329236333333	3	0.437422424	-4.5957586871121	-5.73551573477722	-0.654220719469192	0.0101171996666667	0.00323340233333333	3005.22686366667	353.630898266667	-5.29831736654804	0.470003629245736	0.077418577191283	16.85777504	12.67362499	-5.29831736654804	-0.363843433417345	-0.653926467406664	0.194744076792512	23-10-19	54.8378707	11.4936118	0.005	0.695	0.52	1.215	0.005	1.6	autumn	rocks	2	21
autumn_21_sand	21936.6553323485	-15.7684655966667	6.02091388273201	8.11111810764302	2.24435490481768	6.9929513026197	0.794740243666667	2	0.378508485	-4.72525792400412	-6.05700054089322	-0.972037419887696	0.00890217133333333	0.002355482	3339.26580733333	412.736851733333	-5.29831736654804	0.0246926125903714	-1.18215574331217	16.47211128	12.1745863	-5.29831736654804	-1.56064774826467	-2.99573227355399	-1.51412773262978	23-10-19	54.84748884	11.47969321	0.005	0.21	0.05	0.22	0.005	1.025	autumn	sand	2	21
autumn_23_rocks	18319.1617299534	-24.9950809533333	4.73399475217145	6.91821890047079	2.33837482769229	5.4074399209739	0.790069585333333	2	0.34432	-4.03588163843789	-3.66562869169232	-0.673445168802455	0.0185045993333333	0.0257663073333333	1017.69097746667	114.453979453333	-2.04022082852655	1.15373158788919	1.02922321441749	9.231963865	12.53521729	-4.60517018598809	-0.544727175441672	-0.0888312137066157	0.408792898200839	24-10-19	54.955125	12.4624129	0.01	0.58	0.915	1.505	0.13	3.17	autumn	rocks	1	23
autumn_23_sand	19961.1056512328	-23.4906628733333	3.8578733790181	5.92615605299623	2.22243335363745	4.53409621126488	0.820360992	2	0.315103030333333	-4.99090841002663	-5.2168921029417	-0.676222832246779	0.007130346	0.00559300166666667	380.2857587	48.23250508	-3.91202300542815	1.31506685183152	0.432773798869501	9.080047563	12.68154907	-5.29831736654804	-1.42711635564015	-1.40649706843741	-0.744440474947496	24-10-19	54.95019802	12.47570698	0.005	0.24	0.245	0.475	0.02	3.725	autumn	sand	1	23
autumn_24_eelgrass	29538.6629894785	-18.42145039	6.68830908612876	8.79975647113518	2.2655980648582	7.38620696791774	0.721407307333333	1	0.483426111	-4.1661420621651	-6.04054278087818	-0.697897881788978	0.0155985446666667	0.00239100266666667	6698.94341766667	808.489658	-3.10109278921182	0.3293037471426	1.01846949756973	10.32708528	11.12942696	-5.29831736654804	-1.40649706843741	0.883767540168595	0.970778917158225	10-10-19	55.13308773	12.08769028	0.005	0.245	2.42	2.64	0.045	1.39	autumn	eelgrass	1	24
autumn_24_rocks	31923.3059420077	-17.6368587466667	6.54645663983183	8.59010395665724	2.19779799664015	7.48637404728555	0.724276425666667	1	0.435311363666667	-4.27664951335086	-5.85775159078215	-0.939917407453719	0.01394016	0.002967249	5423.352149	701.983505833333	-0.7339691750802	1.67053301179391	2.27338631598764	10.25186785	13.21798706	-2.99573227355399	-0.755022584278033	0.647103242058538	0.887891257352457	10-10-19	55.1701609	12.0908908	0.05	0.47	1.91	2.43	0.48	5.315	autumn	rocks	1	24
autumn_24_sand	24678.8551105552	-18.80552533	5.19667339856502	7.21390295952463	2.17138024074617	6.07801142909986	0.770641997666667	2	0.409181481333333	-5.24874597847284	-6.15859532713925	-0.88133803053484	0.00525813533333333	0.00215169066666667	1361.22611966667	180.8810092	-5.29831736654804	1.30968325874805	0.0993420689861168	10.34501222	10.84817219	-5.29831736654804	-1.32802545299591	0.521765563804325	0.660107326481745	10-10-19	55.135901	12.10739352	0.005	0.265	1.685	1.935	0.005	3.705	autumn	sand	1	24
autumn_25_eelgrass	31969.1124085559	-20.4517376633333	6.67612842782167	8.89287797526873	2.37090022738499	7.09023825174061	0.720424612333333	1	0.477848485	-3.58171035563787	-5.06423862949121	-0.41410982391894	0.0285473243333333	0.00753311666666667	8092.33297033333	885.848137666667	-1.51412773262978	2.21484617868604	0.3455717303676	11.01270833	13.23527145	-2.90042209374967	0.65232518603969	-0.385662480811985	0.976444654693902	03-10-19	55.56489727	12.28239716	0.055	1.92	0.68	2.655	0.22	9.16	autumn	eelgrass	1	25
autumn_25_rocks	29460.9543655764	-21.0203401233333	6.36932740751894	8.42844612175815	2.21326939395266	7.00505310701591	0.76237003	2	0.416853535	-3.82925786483175	-4.55222977912005	-0.635725699496972	0.0218449266666667	0.011133539	4700.13398333333	592.879909333333	-0.3078847797693	2.52572864430826	0.432773798869501	11.48047651	13.93920994	-2.40794560865187	0.0998453349697161	0.654925967739748	1.13783300182139	03-10-19	55.56748637	12.28656134	0.09	1.105	1.925	3.12	0.735	12.5	autumn	rocks	1	25
autumn_25_sand	NA	-20.5017510666667	4.17974948475703	6.24041899832138	2.21482019322422	4.82376849318952	0.803848833666667	2	0.357343333333333	-5.89970876922509	-6.72151474497065	-0.644019008432482	0.002741492	0.001205501	514.638842233333	65.4320943466667	-0.510825623765991	2.88480071284671	-0.171389533700906	11.48569882	13.91094685	-1.68739945390381	0.182321556793955	0.906240396020654	1.35066718347674	03-10-19	55.56931596	12.28888679	0.185	1.2	2.475	3.86	0.6	17.9	autumn	sand	1	25
autumn_26_eelgrass	26820.5422107802	-20.6874815433333	4.31733727070605	6.55708460886703	2.39389801804749	5.4577529483684	0.811422228	2	0.357288383666667	-5.5531569994702	-6.08874041656103	-1.14041567766235	0.00393741566666667	0.00229175166666667	771.0882486	77.9191521	-1.09362474715707	1.79259245553195	0.916098162133793	17.44999892	14.17746925	-3.68887945411394	0.460584407329244	-1.44816976483798	0.612479277492491	02-10-19	55.74929873	12.59476462	0.025	1.585	0.235	1.845	0.335	6.005	autumn	eelgrass	2	26
autumn_26_rocks	21993.2725430385	-20.1380506566667	4.26294660535307	6.57764277232044	2.46884684684884	5.05830423696591	0.830369700666667	2	0.327572727333333	-4.71311570983391	-5.21597771742726	-0.795357631612835	0.010207243	0.007678674	743.7832878	73.3412349033333	-1.29098418131557	1.54008783429931	0.305581098607265	18.09406033	14.03590584	-3.50655789731998	0.0953101798043249	-0.527632742082372	0.542324290825361	02-10-19	55.75903234	12.60278652	0.03	1.1	0.59	1.72	0.275	4.665	autumn	rocks	2	26
autumn_26_sand	20988.307550043	-19.9040679333333	4.31296491708146	6.52298772233351	2.3641734852274	5.47333495293599	0.812659779333333	2	0.343427272666667	-5.42409668690332	-6.08463171995709	-1.16037003585454	0.00441517966666667	0.00227970866666667	685.757661366667	75.4546425366667	-1.02165124753198	1.6419051025716	1.06597584433759	17.85499409	14.3802433	-4.19970507787993	-1.09362474715707	-1.74296930505862	-0.644357016390513	02-10-19	55.75146986	12.59356584	0.015	0.335	0.175	0.525	0.36	5.165	autumn	sand	2	26
autumn_27_eelgrass	26323.3327610935	-22.7170892966667	5.57741832144852	7.6322870917208	2.20901945000915	5.94112355045658	0.778847040666667	2	0.400959091	-4.42273507556284	-5.56949491514268	-0.363705229008061	0.0124349963333333	0.003849272	2212.95728633333	282.1402647	-1.23787435600162	1.70656462316482	0.542984454264868	19.22930972	12.77262783	-2.59026716544583	-0.139262067333508	0.00995033085316809	0.670390193437329	16-10-19	56.04229589	12.61937113	0.075	0.87	1.01	1.955	0.29	5.51	autumn	eelgrass	2	27
autumn_27_rocks	21672.2988160554	-20.1901606833333	3.68216188610529	5.76796654407295	2.2399553375899	4.85753728258941	0.831795547666667	2	0.308202525333333	-5.41041885956074	-5.64958549604518	-1.17537539648412	0.00448275666666667	0.00368889966666667	321.878944066667	39.77954096	-0.342490308946776	1.69193913394584	1.14522673784402	18.60456674	12.78512383	-2.65926003693278	-0.06720874969345	1.11021142451146	1.39624469197306	16-10-19	56.0411843	12.6181348	0.07	0.935	3.035	4.04	0.71	5.43	autumn	rocks	2	27
autumn_27_sand	16688.9734651462	-19.5956935633333	3.17777114500038	5.52388392547208	2.50026346048171	4.80762976367749	0.827408021	2	0.316794394	-5.83588919974859	-6.13789388537675	-1.62985861867711	0.002926593	0.002177244	260.672086933333	24.38656617	-1.27296567581289	1.43031124653666	1.03455169597121	20.56559768	12.82640076	-2.90042209374967	-0.407968238326283	-0.673344553263766	0.207014169384326	16-10-19	56.04450606	12.60919503	0.055	0.665	0.51	1.23	0.28	4.18	autumn	sand	2	27
autumn_28_eelgrass	28033.1174995739	-22.7182431933333	4.62107848495906	6.89753986139601	2.43061205623393	5.82059657854253	0.819324902333333	2	0.329486767666667	-5.43298710610375	-6.09860277483078	-1.19951809358347	0.004405578	0.00225811566666667	1006.06084556667	104.607561103333	-1.6094379124341	1.01523067972906	0.145674171523878	19.16525512	12.77928925	-5.29831736654804	-1.6094379124341	-0.06720874969345	0.122217632724249	01-10-19	55.95139329	11.8471504	0.005	0.2	0.935	1.13	0.2	2.76	autumn	eelgrass	2	28
autumn_28_rocks	16765.4404871524	-32.55216423	NA	6.37641429992337	NA	NA	0.805949037666667	2.33333333333333	0.358095959666667	-5.12370361107045	-5.70493626926653	-1.40939389262443	0.00600511066666667	0.00333110666666667	589.840849366667	NA	-1.38629436111989	1.41463883412903	0.593850202777442	19.17607607	13.36939621	-4.19970507787993	-0.423120043346885	1.36353737399727	1.52169899812609	01-10-19	55.96726649	11.8442571	0.015	0.655	3.91	4.58	0.25	4.115	autumn	rocks	2	28
autumn_28_sand	25973.3578094315	-22.0996296433333	4.31928231969001	6.47190490091227	2.30677326109188	4.41218023449744	0.810139602666667	2	0.348441212333333	-5.06740910319174	-5.89013345403946	-0.0928979148074281	0.006304431	0.002772464	664.843337	75.1713153533333	-1.66073120682165	1.22377543162212	0.470870106246093	18.30380049	13.54317856	-5.29831736654804	-1.36649173382371	-0.229413164327805	0.048790164169432	01-10-19	55.96898158	11.84613189	0.005	0.255	0.795	1.05	0.19	3.4	autumn	sand	2	28
autumn_29_eelgrass	56946.7124525013	-24.77558885	5.40271076728255	7.6191318493038	2.37057176174233	5.87850855495619	0.799499911333333	2	0.368737820666667	-4.60048606141593	-4.71147285886621	-0.475797787673639	0.010132413	0.00906181966666667	2075.57070533333	227.153493066667	1.69377906086785	2.70771681220097	1.35496258542938	14.5029316	14.19524384	-0.653926467406664	1.25133337568577	0.987680727960828	1.90210752639692	30-09-19	55.68531813	12.07090738	0.52	3.495	2.685	6.7	5.44	14.995	autumn	eelgrass	1	29
autumn_29_rocks	41398.8263749062	-29.7637395766667	3.91227953206944	6.98462865636336	3.22649980410532	4.48574328920264	0.823653957666667	3	0.348074848333333	-4.19523253340536	-3.04663195587676	-0.573463757133198	0.0157487116666667	0.0478583646666667	1091.80662803333	50.0501390366667	1.61641352617053	2.65675690671466	1.62415012138937	14.46906247	13.79972839	-0.85566611005772	1.03496226159165	0.89199803930511	1.73695123273306	30-09-19	55.67983516	12.06896049	0.425	2.815	2.44	5.68	5.035	14.25	autumn	rocks	1	29
autumn_29_sand	59877.8064275607	-24.0492714933333	5.56845577221525	7.79885309445089	2.38454800208195	5.97625116869221	0.790690427666667	2	0.376430050333333	-4.36935390761124	-4.7601984812585	-0.40779539647696	0.012711461	0.008647167	2459.638438	265.1664725	1.59127394180643	2.73111547403321	2.10598890242922	14.56012987	14.06117219	-0.673344553263766	1.17711535015605	0.926241062727323	1.83736998048011	30-09-19	55.68356509	12.07310664	0.51	3.245	2.525	6.28	4.91	15.35	autumn	sand	1	29
autumn_3_rocks	8037.29693556969	-30.6372490166667	3.62521510552233	5.6558816369817	2.18481721127935	5.6393373281634	0.845311568	2	0.301124646666667	-5.47871463566187	-5.64381588060379	-2.01412222264107	0.00418147366666667	0.00354052666666667	293.242372	39.5359770866667	-0.216913001563574	2.21211318982997	0.0967636638934554	32.22219519	15.4725914	-0.673344553263766	1.00978107496149	1.71918877639322	2.17872110577166	24-09-19	55.9967104	8.1173628	0.51	2.745	5.58	8.835	0.805	9.135	autumn	rocks	3	3
autumn_3_sand	2348.83510912687	-26.08858892	4.49873946179762	5.57890270866853	1.23431392667304	6.46323548145942	0.818987851666667	2	0.33644064	-5.28797310348815	-5.38587642161142	-1.96449601966181	0.00505396766666667	0.004581293	266.368688733333	91.1152505433333	-1.53711725085447	2.37024374146786	1.20085051735705	32.06534178	14.95973206	-1.80180980508156	-0.27443684570176	-2.99573227355399	-0.0253178079842898	23-09-19	55.98988942	8.12051726	0.165	0.76	0.05	0.975	0.215	10.7	autumn	sand	3	3
autumn_30_eelgrass	24137.1605308813	-19.0904836066667	5.31328148560829	7.75983167710171	2.60070087132632	6.04977739029048	0.791521051	2.33333333333333	0.374026363666667	-4.93778900352753	-5.76426059414402	-0.736495904682193	0.00730213666666667	0.00315194466666667	2429.06428866667	211.347749233333	-1.56064774826467	0.579418415231602	-0.214984808307432	20.59974741	11.36923409	-5.29831736654804	-1.07880966137193	0.0815799869924228	0.347129531095201	09-10-19	55.75904756	11.31756065	0.005	0.34	1.085	1.415	0.21	1.785	autumn	eelgrass	2	30
autumn_30_rocks	24268.6007876376	-20.5015932533333	5.98412833826726	8.17466275097555	2.3446850924701	6.38061733872085	0.726654286333333	1	0.478861118666667	-4.30823264411532	-5.3127064086105	-0.396489000453598	0.0136432276666667	0.00493410933333333	3665.82614666667	405.6208836	-1.34707364796661	0.715397789494765	0.26620952044715	20.59251327	12.26506233	-5.29831736654804	-0.994252273343867	-0.579818495252942	-0.0779615414697118	09-10-19	55.75466545	11.32239182	0.005	0.37	0.56	0.925	0.26	2.045	autumn	rocks	2	30
autumn_30_sand	20263.6502753094	-26.01379318	4.35554667391852	6.84432284648445	2.64292685242589	4.35816102615714	0.807925079333333	2	0.338020740666667	-5.46600666310223	-5.81026817206192	-0.00261435223861553	0.00434915866666667	0.00334313466666667	959.530287533333	78.3641939766667	-1.49165487677772	0.388657989791783	0.309971341519484	20.57601437	11.32012463	-5.29831736654804	-1.36649173382371	1.72988406550997	1.7732559976635	09-10-19	55.75885483	11.34937786	0.005	0.255	5.64	5.89	0.225	1.475	autumn	sand	2	30
autumn_31_eelgrass	24076.7408153473	-24.22984234	4.91044947011803	7.2516138449791	2.49531505449779	6.13403453266658	0.801112999666667	2	0.366102564	-4.97676481169665	-5.97093020707332	-1.22358506254855	0.00690005	0.00255298766666667	1418.97756	135.8443964	-2.25379492882461	1.57173604525009	0.626377890974247	14.62589578	12.06023502	-5.29831736654804	-1.02165124753198	-0.400477566597125	0	08-10-19	55.34659324	11.10107746	0.005	0.36	0.67	1	0.105	4.815	autumn	eelgrass	1	31
autumn_31_rocks	26551.6060958116	-31.27509348	4.45966987558968	7.30349678023954	2.9979775841446	5.39852564649063	0.846492553333333	3	0.288431212333333	-4.4417457282534	-3.05208083427403	-0.93885577090095	0.01201028	0.0490545506666667	1524.16131633333	105.194933333333	-2.25379492882461	1.66581824587021	0.885691554181703	13.91311981	12.43216896	-5.29831736654804	-0.606969484318893	0.194744076792512	0.551007413398823	08-10-19	55.32808218	11.12842404	0.005	0.545	1.215	1.735	0.105	5.29	autumn	rocks	1	31
autumn_31_sand	17548.0303260102	-29.1094307633333	3.47379594178878	6.54911578387249	3.22947052182194	5.16187848492869	0.809705877666667	2	0.347853636333333	-5.48232421320048	-5.57590082353826	-1.68808254313991	0.00416410866666667	0.003807555	698.672735033333	32.48109522	-2.16282315061889	1.67896397508271	0.774816657096447	14.54016914	12.47414112	-5.29831736654804	-0.928869514081015	-0.378336440719912	0.05354076692803	08-10-19	55.3475465	11.10117661	0.005	0.395	0.685	1.055	0.115	5.36	autumn	sand	1	31
autumn_32_rocks	18507.0052458576	-24.5960132366667	4.45714314983628	6.699891677869	2.39689920761438	5.66269045988196	0.80932127	3	0.348309166666667	-5.37523266970018	-6.21900759143615	-1.20554731004568	0.00476634166666667	0.002617761	877.0573782	94.5267137533333	-1.96611285637283	2.13001582764277	1.25344862594999	7.773209631	12.97750854	-5.29831736654804	-1.58474529984373	-0.281037529733112	-0.06720874969345	14-10-19	55.2521937	14.8263621	0.005	0.205	0.755	0.935	0.14	8.415	autumn	rocks	1	32
autumn_32_sand	13386.9575585448	-30.9723928566667	NA	5.62844818892641	NA	NA	0.830365214333333	3	0.321658333333333	-5.85216005807549	-6.55755644927052	-1.61966045900473	0.00288926166666667	0.001427493	278.235638066667	NA	-1.63475572041839	2.26954523891585	0.585550228719767	7.764268105	12.98147392	-5.29831736654804	-1.04982212449868	-0.723606388044654	-0.198450938723838	14-10-19	55.2571398	14.8194941	0.005	0.35	0.485	0.82	0.195	9.675	autumn	sand	1	32
autumn_33_rocks	18453.0970818923	-25.83488951	3.82040154910023	6.51862312459715	2.85237225528534	4.17718957687887	0.842135640666667	3	0.299106060333333	-5.04962109928167	-5.65729629324371	-0.356788027778638	0.00646484166666667	0.003606415	689.521620033333	46.57225374	-1.63475572041839	2.30258509299405	1.38912370848903	7.642738844	13.25653839	-2.07944154167984	1.65727524184826	-0.891598119283784	1.75440368268429	15-10-19	55.02243003	14.90372037	0.125	5.245	0.41	5.78	0.195	10	autumn	rocks	1	33
autumn_33_sand	13559.1123661306	-24.8057467233333	3.79888222905474	6.40557966668798	2.76084811731011	4.21149692425836	0.795427455666667	2	0.359883333333333	-5.19037525621727	-6.88470074277258	-0.412614695203618	0.005574246	0.001023826	605.251465533333	44.9031680333333	-1.74296930505862	2.3345681388471	NA	7.713237434	12.58662796	-3.10109278921182	0.340037302785709	-0.229413164327805	0.808705521194218	15-10-19	55.02055438	14.91194958	0.045	1.405	0.795	2.245	0.175	10.325	autumn	sand	1	33
autumn_4_rocks	207.983249938567	-24.3063241333333	4.71641494345766	5.38628720939652	0.824022945663217	6.5062478726104	0.824864569	2	0.320564292666667	-5.42246441236442	-5.3038566038831	-1.78983292915274	0.004421563	0.00501394866666667	218.714716733333	115.504252166667	1.23837423104327	1.84451003461358	0.413261272224497	33.40662686	15.42676163	0.415415438961332	3.05400118167797	2.09985672642243	3.43010872515658	25-09-19	57.1265072	8.6208932	1.515	21.2	8.165	30.88	3.45	6.325	autumn	rocks	3	4
autumn_4_sand	413.403232509577	-25.58655999	4.07929647878986	5.16648442826848	1.24133862939314	5.50234248025452	0.800474614333333	2	0.365882222333333	-5.30712279012594	-5.20466901127303	-1.42304600146466	0.00498188966666667	0.005517771	175.793049166667	59.63476327	-2.81341071676004	0.751416088683921	-0.176555295280473	33.62559783	14.64233112	-3.50655789731998	-0.713349887877465	-2.99573227355399	-0.562118918153541	25-09-19	57.1264403	8.6151892	0.03	0.49	0.05	0.57	0.06	2.12	autumn	sand	3	4
autumn_5_rocks	5441.48657370353	-30.91341435	5.65770090071504	6.06396051375589	0.560410292826897	7.1971590475212	0.822111811	2	0.516246	-5.14909341376832	-5.05345303784881	-1.53945814680616	0.005821344	0.00645030333333333	436.423383566667	294.675603533333	-0.470003629245736	1.45977713787969	-0.334899728460504	33.36212882	14.11095619	-0.527632742082372	1.29198368164865	2.30807002322462	2.65921003568274	26-09-19	57.14392	10.42871	0.59	3.64	10.055	14.285	0.625	4.305	autumn	rocks	3	5
autumn_5_sand	6681.32911899571	-27.0219708466667	6.39719838976071	5.99214823649163	-0.250899473763903	7.17978663585238	0.830669020333333	2	0.315220317333333	-5.0386377287641	-4.8982300335871	-0.782588246091663	0.006490103	0.00746674	402.226655066667	604.394720233333	-1.51412773262978	1.37371557891303	1.31963708046243	33.29591408	13.93986511	-2.25379492882461	-0.122167633974208	0.431782416425538	0.928219302739429	26-09-19	57.5921291	9.94725756	0.105	0.885	1.54	2.53	0.22	3.95	autumn	sand	3	5
autumn_6_rocks	16065.0869536334	-25.4379871266667	5.49651733101717	7.02634176847309	1.68397511743234	6.9970689998111	0.829992024666667	2	0.31296873	-5.16921832695081	-5.13321142650791	-1.50055166879393	0.005813889	0.00634492866666667	1150.99868343333	257.0524009	-0.928869514081015	2.29656702066848	0.822041209214116	24.55660816	9.206731796	-1.89711998488588	1.3042705256413	0.482426149244293	1.69653261928503	29-10-19	57.338797	10.5260316	0.15	3.685	1.62	5.455	0.395	9.94	autumn	rocks	2	6
autumn_6_sand	6048.48608613563	-22.7547937533333	5.79423878731444	6.46605666779342	0.825968560242353	6.67406716885639	0.826177361	2	0.309062573	-5.53652978738915	-5.74561470727072	-0.879828381541949	0.00394019466666667	0.00320279	643.5112267	330.168520833333	-1.30933331998376	1.34025042261848	0.560322814504651	25.10060756	9.390329361	-2.40794560865187	0.497740384217335	-1.77195684193188	0.644482008578664	29-10-19	57.13986	10.42954	0.09	1.645	0.17	1.905	0.27	3.82	autumn	sand	3	6
autumn_7_rocks	695.295683861608	-25.84911658	6.05640169851477	6.21652074761043	0.31426972906196	7.24337609526425	0.844042574333333	2	0.289978586	-5.59759042674948	-5.48369597078166	-1.18697439674948	0.00372358433333333	0.00416730933333333	510.463693533333	430.680056433333	-1.80180980508156	1.41220574290439	-0.212926908153035	25.79792948	10.57108021	-3.2188758248682	-0.0998203352822109	-2.99573227355399	-0.00501254182354429	28-10-19	57.3214171	11.1282307	0.04	0.905	0.05	0.995	0.165	4.105	autumn	rocks	3	7
autumn_7_sand	14.0335198758188	-22.7087564033333	6.46670226355926	6.36046943794384	0.0479178541673359	6.96141709244603	0.829464486666667	2	0.308514361	-5.52534696380982	-5.57599217273277	-0.494714828886764	0.00398509966666667	0.003789823	580.181337566667	644.076728066667	-1.74296930505862	1.39624469197306	0.835113803448714	26.11983898	11.07722187	-5.29831736654804	-0.486133011175619	-2.99573227355399	-0.407968238326283	28-10-19	57.32297997	11.13292171	0.005	0.615	0.05	0.665	0.175	4.04	autumn	sand	3	7
autumn_8_eelgrass	7370.57725959498	-16.65060684	8.06023544248469	9.53440325386183	1.62831849125815	8.02803665718577	0.533494296666667	1	0.668675151333333	-3.04570205725217	-3.89066743742207	0.0321987852989184	0.0480373163333333	0.0229759916666667	13884.9467633333	3469.213621	-0.0253178079842899	2.7268719553428	0.985552448392376	25.91790358	17.43560982	-1.49165487677772	0.144100343973757	1.20746669358019	1.55286756094571	03-09-19	57.05959471	9.87131989	0.225	1.155	3.345	4.725	0.975	15.285	autumn	eelgrass	3	8
autumn_8_rocks	2702.87227703218	-25.6667902433333	7.53705139675039	8.58145649580284	1.19855577898168	7.76137565440129	0.691953655	1.33333333333333	0.497973232333333	-3.7757204895097	-4.36886108694685	-0.224324257650897	0.0229209643333333	0.0128628953333333	5334.02344766667	1890.47026366667	1.06986981980246	3.44489523692787	2.04718070204973	25.6496519	18.14898682	-1.17118298150295	0.56815069038526	1.79175946922805	2.08877286910872	03-09-19	57.0550982	9.8705184	0.31	1.765	6	8.075	2.915	31.34	autumn	rocks	3	8
autumn_8_sand	281.407561508624	-18.8268330633333	7.8653042165955	8.94425556667886	1.23310202982645	7.81717282465123	0.631469307333333	1	0.569653788	-3.26816164810573	-3.93762163006911	0.0481313919442739	0.0380908363333333	0.0200586626666667	7667.98517633333	2605.384298	0.0344014267173323	2.68307421503203	0.835113803448714	25.92457883	17.65885353	-1.74296930505862	-0.328504066972036	1.01523067972906	1.29609609320174	03-09-19	57.01030036	9.63479997	0.175	0.72	2.76	3.655	1.035	14.63	autumn	sand	3	8
autumn_9_eelgrass	2145.3546357565	-19.7439252033333	6.746851413639	8.06382136396184	1.47112062999176	7.54875365529227	0.760225274666667	1.66666666666667	0.434741212	-4.39418038112076	-5.30105314161343	-0.801902241653268	0.012571174	0.00499851166666667	3298.96075633333	869.139157	0.968883181993326	3.10458667846607	2.11525654045162	26.54163277	17.74905586	-2.3538783873816	-0.994252273343867	1.43150670394144	1.53686721959926	04-09-19	56.71051209	9.20700727	0.095	0.37	4.185	4.65	2.635	22.3	autumn	eelgrass	3	9
autumn_9_rocks	6289.60947915849	-20.3977742366667	6.65035285363581	7.93303700048888	1.43683482674481	7.58800093810907	0.722297089666667	1	0.480271852	-4.48325924348943	-5.16001793582029	-0.937648084473268	0.0113097573333333	0.00595622133333333	2799.90475666667	778.332067133333	0.920282753143692	3.21967550503877	1.79698783033011	26.46904128	17.84535027	-1.32802545299591	1.05952489996006	1.36609165380237	1.95586047990848	04-09-19	56.706257	9.2016147	0.265	2.885	3.92	7.07	2.51	25.02	autumn	rocks	3	9
autumn_9_sand	14673.1979971736	NA	7.07446923210066	8.75679824404813	1.83647969182874	7.80098143169807	0.725930022333333	1	0.492182424333333	-3.87916197120977	-3.59109117250972	-0.726512199597405	0.0283779456666667	0.048591994	13189.43297	1574.0654249	1.06125650212434	3.04285438062273	2.34688906925372	26.55463572	17.83140945	-2.90042209374967	-1.40649706843741	1.54329810992956	1.60542989103656	04-09-19	56.71280751	9.2091164	0.055	0.245	4.68	4.98	2.89	20.965	autumn	sand	3	9
spring_1_rocks	35302.9579670883	-23.70605762	3.01729010913242	5.7213817016054	2.85824227251772	4.96968536024774	0.841457889666667	2	0.278470085333333	-5.43367975043195	-5.60239893532369	-1.95239525111532	0.00437345966666667	0.00370166533333333	332.5624615	22.6249198333333	-0.510825623765991	1.30698055440017	1.09647752868858	28.75403949	20.05633736	-0.693147180559945	1.76473079684014	1.43627429342491	2.35565181393074	18-06-19	55.4464839	8.4066144	0.5	5.84	4.205	10.545	0.6	3.695	spring	rocks	3	1
spring_1_sand	37293.7026545519	-22.4803691733333	4.04381827941212	6.31258159612314	2.42291399660923	6.43408363839615	0.796840101	1	0.351740476333333	-4.94586594130823	-4.93153059525543	-2.39026535898403	0.00711668066666667	0.00726680066666667	553.1871512	57.3714900666667	-1.34707364796661	1.05952489996006	0.657950549596508	30.35023057	18.27405739	-2.16282315061889	-0.0151136378100482	1.06298511102496	1.38504357921824	18-06-19	55.46983904	8.31535033	0.115	0.985	2.895	3.995	0.26	2.885	spring	sand	3	1
spring_10_eelgrass	41559.3730711219	-20.5335484766667	4.97447170791207	7.19204478476187	2.37172375672691	6.68102908365058	0.779774057	2	0.40538254	-5.12208658415191	-5.69552837346371	-1.7065573757385	0.00597219166666667	0.00336230266666667	1335.179345	145.2144918	-2.46510402249182	-2.07944154167984	-0.249952395982451	29.17519075	12.18181324	-3.10109278921182	-1.27296567581289	-0.168418651624963	0.157003748809665	15-05-19	56.55391126	8.61017776	0.045	0.28	0.845	1.17	0.085	0.125	spring	eelgrass	3	10
spring_10_rocks	39970.9059999767	-18.13628542	5.44843801396753	7.59800741161287	2.3037200773599	6.71195152927184	0.783573461333333	1	0.400271111333333	-4.29683037143934	-4.34692943045204	-1.26351351530431	0.0137835216666667	0.014120963	2024.939443	232.7017908	-2.07944154167984	-0.82098055206983	0.265234084131432	29.35614481	13.30607605	-2.40794560865187	-0.430782916092454	0.636576829071551	0.966983846189673	15-05-19	56.55032935	8.61454023	0.09	0.65	1.89	2.63	0.125	0.44	spring	rocks	3	10
spring_10_sand	44037.9226351117	-19.3455322066667	5.10523039775455	7.1297891441097	2.17870942588958	6.65553564574566	0.813031416666667	2	0.357060606333333	-5.08677593045403	-5.95651048850654	-1.55030524799111	0.00618137533333333	0.00259590133333333	1253.98300066667	165.644152533333	-2.65926003693278	-2.04022082852655	0.293533161147854	29.02708831	13.50002003	-3.91202300542815	-2.04022082852655	-0.25489224962879	-0.0779615414697118	15-05-19	56.55925617	8.61504498	0.02	0.13	0.775	0.925	0.07	0.13	spring	sand	3	10
spring_11_rocks	32277.7196720394	-21.03655703	5.80843257300636	7.99042305043736	2.33614115732797	6.84141778125522	0.747991755	2	0.444540645	-4.10032616288487	-3.7204708897285	-1.03298520824886	0.0167723113333333	0.0326989553333333	2986.07407333333	334.175030433333	-0.673344553263766	1.12492959698548	0.832489481419658	22.83295137	13.0819788	-3.2188758248682	-0.693147180559945	0.0861776962410524	0.488580014818671	13-05-19	56.8039704	10.282349	0.04	0.5	1.09	1.63	0.51	3.08	spring	rocks	2	11
spring_11_sand	28725.701671959	-21.0615623033333	4.54179383554637	6.68228704452159	2.29464388883157	5.57989151623794	0.830559148	2	0.292825362333333	-5.46334124145286	-6.0985077822647	-1.03809768069157	0.00424174233333333	0.002268645	800.647404	94.15608005	-2.00248050054371	1.16002091679675	0.270958329473139	22.83295137	13.0819788	-4.60517018598809	-2.65926003693278	-0.867500567704723	-0.693147180559945	13-05-19	56.79719521	10.28607025	0.01	0.07	0.42	0.5	0.135	3.19	spring	sand	2	11
spring_12_rocks	43517.5797079941	-20.1147501433333	5.45796631735062	7.56519803479497	2.26138239746172	6.46615750082696	0.791737959666667	1	0.390228889	-4.62818762629914	-5.40907757782873	-1.00819118347634	0.0103931943333333	0.00571152633333333	2014.33640933333	245.002085366667	-0.415515443961666	2.34994566435388	0.00881550698605024	21.2563721067064	NA	-2.59026716544583	1.01523067972906	0.466873736236808	1.48839958405704	02-05-19	56.60978684	10.30299737	0.075	2.76	1.595	4.43	0.66	10.485	spring	rocks	2	12
spring_12_sand	45695.875989123	-20.3012903266667	6.26896763915331	8.31728005737863	2.20246309799621	6.87228851749726	0.708221862333333	1	0.495964444333333	-4.25856475705437	-5.83555632445073	-0.603320878343949	0.014166331	0.00295095766666667	4099.70104733333	528.654653	-0.82098055206983	3.09195113129453	0.551773112683494	19.3391171939306	NA	-1.80180980508156	2.11625551480255	1.09861228866811	2.43929891630987	02-05-19	56.60705356	10.29712065	0.165	8.3	3	11.465	0.44	22.02	spring	sand	2	12
spring_13_rocks	34092.414238329	-20.1657766333333	4.60729412830926	6.59033442523997	2.13719097665817	5.97407748333334	0.823621445	2	0.328762222	-4.57520368372687	-3.88425885610047	-1.36678335502409	0.0106013396666667	0.0211721076666667	750.4717854	104.63587201	-5.29831736654804	1.52931186795482	-0.887686562333912	12.8178192486999	NA	-5.29831736654804	0.524728528934982	-0.287682072451781	0.89199803930511	01-05-19	56.44552427	10.95986495	0.005	1.69	0.75	2.44	0.005	4.615	spring	rocks	1	13
spring_13_sand	35162.3063604384	-21.4971288966667	4.9125939842192	7.04238050118578	2.28393719696688	5.96959192788416	0.785632666666667	2	0.399882222	-4.50746511008673	-4.58240445737098	-1.05699794366496	0.011038142	0.0104743036666667	1149.21264066667	136.5697558	-5.29831736654804	1.20746669358019	-2.66450259802998	18.0839326973109	NA	-5.29831736654804	-0.294371060602578	-1.36649173382371	-0.00501254182354429	01-05-19	56.44816462	10.95508786	0.005	0.745	0.255	0.995	0.005	3.345	spring	sand	2	13
spring_14_rocks	28324.6773697857	-23.2207890866667	2.58068293863048	5.99224826350614	3.565716004571	3.69761684191878	0.816258269333333	3	0.351484444666667	-4.8664987887626	-4.5181175267648	-1.1169339032883	0.00771284566666667	0.010991899	409.249863666667	13.7488417573333	-3.2188758248682	0.157003748809665	0.19755086575967	21.70366803	11.44521809	-4.19970507787993	-0.776528789498996	-0.378336440719912	0.148420005118273	27-05-19	56.1388617	10.219473	0.015	0.46	0.685	1.16	0.04	1.17	spring	rocks	2	14
spring_14_sand	31336.7953853232	-20.82095932	4.22389460991791	6.56821872167591	2.4984747914059	4.48210216834564	0.794638505	2	0.382213333333333	-4.82977719815282	-4.79494443984887	-0.258207558427732	0.007991183	0.008304327	712.800365566667	68.3095181633333	-5.29831736654804	1.20896034583698	-0.283953819033654	19.25923994	12.69237804	-5.29831736654804	-1.13943428318836	-0.462035459596559	-0.0618754037180875	27-05-19	56.12285239	10.22345435	0.005	0.32	0.63	0.94	0.005	3.35	spring	sand	2	14
spring_15_rocks	45355.5547962519	-23.81876186	5.02619492703068	7.56754691106583	2.69550266372015	5.69334123483984	0.851572733333333	2.66666666666667	0.278868889	-4.41082263222135	-4.88928084343827	-0.667146307809156	0.012322965	0.00786430466666667	2080.473582	167.053923966667	-0.438504962186365	3.19601653072212	-0.705352884014908	18.19393525	13.46554661	0.0440168854167743	3.54472035841433	1.61740608208328	3.70659657491909	20-05-19	55.7030775	9.6995034	1.045	34.63	5.04	40.715	0.645	24.435	spring	rocks	2	15
spring_15_sand	38073.4246062099	-18.2684377233333	5.41488516858436	7.57946469362268	2.31873020485754	6.68064579392261	0.808426135	2	0.362707611333333	-4.98007850387703	-6.12936809999144	-1.26576062533825	0.00688348066666667	0.00218473766666667	1962.131979	225.239453833333	-2.81341071676004	0.545227050483323	0.0789966290317004	18.18218301	12.70506668	-5.29831736654804	-0.083381608939051	-0.261364764134408	0.506817602368452	20-05-19	55.70038092	9.710981	0.005	0.92	0.77	1.66	0.06	1.725	spring	sand	2	15
spring_16_eelgrass	35517.4087263142	-17.40805061	5.31606546934732	7.52975188070581	2.36783709134639	5.95514195511537	0.768703487666667	1	0.426410617333333	-4.907676586582	-6.0342113897929	-0.639076485768052	0.00744436333333333	0.00240194266666667	1893.725999	205.192923366667	-3.10109278921182	1.31237867816972	0.489529696243818	16.94203769	13.71061802	-5.29831736654804	-2.40794560865187	-0.928869514081015	-0.755022584278033	23-05-19	55.5021309	10.61310246	0.005	0.09	0.395	0.47	0.045	3.715	spring	eelgrass	2	16
spring_16_rocks	35592.7313311694	-17.6521592633333	5.52184172123484	7.62638914212479	2.25869810069623	6.06359201217381	0.781461624666667	1	0.449951398666667	-4.78043553617524	-5.96021046950644	-0.541750290938974	0.00847743133333333	0.002586488	2101.140879	254.575318833333	-2.59026716544583	1.37118072330984	0.585675239077282	16.98427279	14.59406948	-5.29831736654804	-1.63475572041839	-0.527632742082372	-0.23572233352107	23-05-19	55.48628704	10.59840165	0.005	0.195	0.59	0.79	0.075	3.94	spring	rocks	2	16
spring_16_sand	30863.1216399425	-18.8048318866667	5.51458940614555	7.62554508676272	2.26510636047042	6.4839417495856	0.784215781666667	2	0.404875000333333	-5.01275089123453	-6.00889976707933	-0.969352343440052	0.00665689133333333	0.00245987233333333	2052.54928566667	248.378376966667	-1.40649706843741	1.27116405386626	0.34466014332258	17.26333706	15.23068142	-5.29831736654804	-1.63475572041839	-0.703197516413447	-0.378336440719912	23-05-19	55.49418168	10.61822206	0.005	0.195	0.495	0.685	0.245	3.565	spring	sand	2	16
spring_17_eelgrass	37898.0293243282	-18.8630449433333	5.5191065164589	7.64286374045998	2.27790790375886	6.79004686251595	0.777414182333333	2	0.411899495	-4.85942483896684	-7.08913481075845	-1.27094034605704	0.00789274	0.000897630666666667	2135.81704933333	250.592444433333	-1.83258146374831	-1.1239300966524	0.688477859728835	16.28787947	11.91833305	-5.29831736654804	-1.56064774826467	-0.683196849706777	-0.328504066972036	22-05-19	55.48243617	9.71511814	0.005	0.21	0.505	0.72	0.16	0.325	spring	eelgrass	2	17
spring_17_rocks	33598.3891271232	-19.64867505	5.05630986307472	7.74012063817034	2.83796145496505	6.10561392820609	0.855646399333333	3	0.276320317666667	-4.48385255432371	-6.10114691755499	-1.04930406513137	0.011611341	0.00249787466666667	2379.828215	162.565461633333	-1.93102153656156	-0.536143431750281	0.630430221237508	16.3566822	11.97326851	-3.50655789731998	-1.20397280432594	-0.0998203352822109	0.211070970079941	22-05-19	55.48988732	9.72807937	0.03	0.3	0.905	1.235	0.145	0.585	spring	rocks	2	17
spring_17_sand	30036.631331698	-16.83519096	5.52445725867896	7.63812563979663	2.26781906099574	6.95191647605349	0.819395143	2	0.351579017	-4.82370122841567	-6.30878901361528	-1.42745921737453	0.00804057533333333	0.001843559	2080.57356633333	251.4804809	-2.04022082852655	-1.1551826401565	0.614364392770581	16.08510363	12.16158581	-5.29831736654804	0.131028262406404	-0.446287102628419	0.573800422927379	22-05-19	55.4722045	9.72438389	0.005	1.14	0.64	1.775	0.13	0.315	spring	sand	2	17
spring_18_rocks	31753.5569350082	-20.7675987466667	4.33273513644569	6.67959972977119	2.50101527301406	5.53393840711449	0.829159184333333	2.33333333333333	0.323093254	-4.94584074538687	-5.7140223215328	-1.2012032706688	0.007147508	0.00345497833333333	798.892451466667	76.3742623133333	-2.04022082852655	1.53471436623816	0.665719228299193	15.54079582	17.09177399	-5.29831736654804	-1.10866262452161	-0.85566611005772	-0.27443684570176	21-05-19	55.11464713	9.50277209	0.005	0.33	0.425	0.76	0.13	4.64	spring	rocks	2	18
spring_18_sand	35267.4155703453	-28.4103248333333	7.06255109852028	9.31652176411052	2.40812134532232	7.30170243682293	0.623123281	1	0.577973946666667	-3.13340766055884	-4.40803379494864	-0.239151338302656	0.0438155686666667	0.0152873816666667	11139.8890266667	1168.59586266667	-0.954511944694353	2.63834278867739	0.577306849068738	14.99475114	16.61330795	-2.52572864430826	0.441475545631197	-0.27443684570176	0.873383230862879	21-05-19	55.11825552	9.4882245	0.08	1.555	0.76	2.395	0.385	13.99	spring	sand	1	18
spring_19_eelgrass	32961.5088891217	-21.2963992366667	5.21742848793501	7.50331869147695	2.44004088350907	6.11380307319791	0.811347524666667	2	0.354171111	-4.49791043396595	-5.42679782000864	-0.896374585262906	0.0112809483333333	0.00497910033333333	1818.11871933333	184.570771933333	-1.32802545299591	-2.99573227355399	0.650214801368646	15.34406208	13.51083565	-5.29831736654804	-1.71479842809193	-1.23787435600162	-0.755022584278033	28-05-19	55.04167237	10.25488398	0.005	0.18	0.29	0.47	0.265	0.05	spring	eelgrass	2	19
spring_19_rocks	31581.5146647202	-22.22400411	3.40945682112783	6.10253680165969	2.84723066032656	3.77929982389385	0.869732741666667	3	0.232221464666667	-4.57254486714674	-4.02200734609435	-0.36984300276602	0.0103883583333333	0.0214781276666667	447.4449851	33.3043065566667	-2.30258509299405	-2.16282315061889	0.272099256828536	15.37561768	13.98300552	-3.50655789731998	-0.809680996815897	-0.776528789498996	-0.06720874969345	28-05-19	55.04015914	10.25435219	0.03	0.445	0.46	0.935	0.1	0.115	spring	rocks	2	19
spring_19_sand	27436.6516145602	-20.0056896733333	4.76092810092962	7.04170157217738	2.43492415065461	5.63336050410765	0.805558705333333	2	0.370047436	-5.05712842251493	-5.75676981117936	-0.872432403178036	0.00637016466666667	0.00316192366666667	1143.67701533333	116.982876333333	-1.07880966137193	-2.99573227355399	0.0692673034270616	15.54664499	12.92238522	-4.19970507787993	-2.30258509299405	0.152721087017664	0.246860077931526	28-05-19	55.06489033	10.21874036	0.015	0.1	1.165	1.28	0.34	0.05	spring	sand	2	19
spring_20_eelgrass	27417.5189205662	-18.9003742333333	5.18761377171317	7.75681939348104	2.72335630155267	5.6987253844034	0.795954794666667	2	0.381277777666667	-4.6361070061908	-5.7661657163014	-0.511111612690229	0.00971191633333333	0.00316665833333333	2370.682539	181.498217833333	-1.86433016206289	0.0246926125903714	-0.607313482929172	11.89946707	13.07558823	-4.60517018598809	-1.66073120682165	-1.36649173382371	-0.787457860031187	29-05-19	54.8791064	11.01524311	0.01	0.19	0.255	0.455	0.155	1.025	spring	eelgrass	1	20
spring_20_rocks	28475.2361383581	-21.7332312866667	3.07495212943795	6.70453646281966	NA	3.83145835111862	0.854855309333333	3	0.289386576	-4.82038120819381	-4.63913545199609	-0.756506221680669	0.00860636966666667	0.0146917916666667	843.476732633333	27.0052818176667	-1.25526609871349	-1.04982212449868	0.92214628501179	10.87760922	16.84225082	-4.19970507787993	-1.29098418131557	-2.99573227355399	-1.07880966137193	29-05-19	54.8803404	11.0176403	0.015	0.275	0.05	0.34	0.285	0.35	spring	rocks	1	20
spring_20_sand	25737.0131655242	-18.4285348066667	4.6884060232724	6.7223028116321	2.18804746796312	5.33522769870051	0.796213104333333	2	0.369403601666667	-5.59398133299398	-6.3767777897177	-0.646821675428112	0.00372163533333333	0.001733425	830.770688466667	108.703561933333	-2.20727491318972	-0.438504962186365	-0.445308464463499	11.53804626	13.54700756	-5.29831736654804	-1.40649706843741	-0.62548853208613	-0.242071561199729	29-05-19	54.88502254	11.01350353	0.005	0.245	0.535	0.785	0.11	0.645	spring	sand	1	20
spring_21_eelgrass	23942.5762777327	-16.7983960266667	6.23890459131367	8.77862240331796	2.69386849175938	6.58661229085013	0.697980549	1	0.505301923	-4.12905697934502	-6.00484250901435	-0.347707699536462	0.016527615	0.00255463133333333	6713.805138	531.3638211	-5.29831736654804	0.364643113587909	-1.94034928436323	12.03899007	12.9380064	-4.60517018598809	-1.80180980508156	-1.32802545299591	-0.82098055206983	30-05-19	54.91905585	11.49217673	0.01	0.165	0.265	0.44	0.005	1.44	spring	eelgrass	1	21
spring_21_rocks	28111.9900063512	-21.7568578633333	4.96765998414645	7.5933973813906	2.77988807720979	5.58359416791428	0.779716543333333	1.33333333333333	0.400875252666667	-4.62274110033911	-5.22128294830764	-0.615934183767829	0.00996451533333333	0.011504718	2043.716769	173.05259751	-1.03563748950672	1.42310833424261	-0.601833567308215	12.4746108	14.64352894	-3.10109278921182	-0.204567165741274	0.262364264467491	0.770108221696074	30-05-19	54.8378707	11.4936118	0.045	0.815	1.3	2.16	0.355	4.15	spring	rocks	1	21
spring_21_sand	23069.1237643855	-18.07441355	5.72193080520886	7.9648335496365	2.39705342429683	6.69441048518735	0.784230738333333	2	0.391541666666667	-4.88407976086196	-6.28981017984986	-0.972479679978493	0.00758029366666667	0.00186141566666667	2883.96295366667	306.5993569	-2.65926003693278	0.84372003903932	-1.67631122106799	12.63206979	13.81730556	-5.29831736654804	-2.3538783873816	-0.994252273343867	-0.755022584278033	30-05-19	54.84748884	11.47969321	0.005	0.095	0.37	0.47	0.07	2.325	spring	sand	1	21
spring_23_rocks	24522.819182928	-20.99680404	4.49058252411859	6.9860555811139	2.64962373682379	5.14550641656946	0.795855519666667	2	0.369312424333333	-4.73835932292086	-3.60948680692826	-0.654923892450867	0.00888429366666667	0.029549124	1117.3040838	89.8717482266667	-0.994252273343867	1.00613143587394	1.48176972614402	8.433276394	17.10715294	-4.60517018598809	-1.83258146374831	-2.7333680090865	-1.44816976483798	27-06-19	54.955125	12.4624129	0.01	0.16	0.065	0.235	0.37	2.735	spring	rocks	1	23
spring_23_sand	27711.8957060979	-23.5176483266667	3.52285418550125	6.22951881185272	2.86081530608143	4.41602254922046	0.791145489666667	2	0.376580158666667	-5.07910902503037	-4.88668056184296	-0.893168363719215	0.00627910866666667	0.00808994366666667	509.7822478	33.9463123033333	-1.40649706843741	2.11081907737209	0.220612697002509	8.7281692	13.1826601	-2.7333680090865	-1.6094379124341	-2.52572864430826	-1.06421086195078	27-06-19	54.95019802	12.47570698	0.065	0.2	0.08	0.345	0.245	8.255	spring	sand	1	23
spring_24_eelgrass	29705.5928894041	-19.4675637233333	5.98007955428957	8.28258551552206	2.45665664109977	6.76958041798749	0.728721671333333	1	0.470310805666667	-4.54877921036451	-6.32366014367044	-0.789500863697917	0.010584725	0.001811829	3963.51419466667	395.972874566667	-0.470003629245736	2.46852317053748	1.11630545077617	9.535089381	23.0759697	-4.19970507787993	-1.68739945390381	-2.25379492882461	-1.18744350237473	26-06-19	55.13308773	12.08769028	0.015	0.185	0.105	0.305	0.625	11.805	spring	eelgrass	1	24
spring_24_rocks	30867.3349612921	-18.8281610566667	5.78107490049494	8.10527691882456	2.47835269825394	7.02468527764716	0.728930671333333	2	0.481010897333333	-4.61074680660823	-5.94106548439018	-1.24361037715223	0.010201261	0.002914495	3354.550227	325.014102766667	0.131028262406404	3.03302805829769	2.39596640919099	9.733554073	28.86234474	-3.10109278921182	-0.588787165235702	0.281412459438185	0.654925967739747	26-06-19	55.1701609	12.0908908	0.045	0.555	1.325	1.925	1.14	20.76	spring	rocks	1	24
spring_24_sand	26033.260057573	-20.25077521	4.51486427390851	6.92699814269267	2.5662845487314	5.5088418298232	0.781306794	2	0.406074562	-5.48656771897711	-6.45715189659559	-0.99397755591469	0.004216968	0.00158149633333333	1059.3996918	92.2964493933333	-0.242071561199729	2.72883274028474	1.35114811988082	9.347527988	23.26045227	-4.19970507787993	-2.59026716544583	-2.99573227355399	-1.96611285637283	26-06-19	55.135901	12.10739352	0.015	0.075	0.05	0.14	0.785	15.315	spring	sand	1	24
spring_25_eelgrass	33202.9619342275	-22.5347082333333	6.5374368023502	8.68444835363325	2.30116223107327	6.86760290773955	0.721608521333333	1	0.4757867	-3.67958727003817	-5.32800642195322	-0.330166105389352	0.0256956546666667	0.00530441566666667	5934.39419833333	699.547877033333	-1.83258146374831	1.67709656090792	-0.476347402895955	10.81097971	15.56078339	-5.29831736654804	-1.66073120682165	-1.83258146374831	-1.09362474715707	04-06-19	55.56489727	12.28239716	0.005	0.19	0.16	0.335	0.16	5.35	spring	eelgrass	1	25
spring_25_rocks	32070.1260555655	-22.98912919	5.21634055769252	7.41813793545916	2.35594805771442	6.25967615739461	0.776553337333333	2	0.402904125666667	-4.69353155429217	-5.05585303513204	-1.04333559970209	0.00926386633333333	0.00656028866666667	1756.02586966667	196.9438892	-0.27443684570176	1.40487074669283	-0.394248853132592	11.06717261	15.97712803	-1.86433016206289	0.227135572583747	0.841567185678219	1.31640823365572	04-06-19	55.56748637	12.28656134	0.155	1.255	2.32	3.73	0.76	4.075	spring	rocks	1	25
spring_25_sand	24596.2338720794	-21.0591742833333	3.68060944546667	6.22520711352052	2.69874834800157	4.70694811418458	0.780139853666667	2	0.408208532	-5.87508322562916	-6.55230258569269	-1.02633866871791	0.00281671333333333	0.00144091666666667	505.822547	39.7068576566667	-1.77195684193188	1.26129787094521	-1.25263520115796	11.03499632	15.905406	-5.29831736654804	-0.994252273343867	-2.16282315061889	-0.713349887877465	04-06-19	55.56931596	12.28888679	0.005	0.37	0.115	0.49	0.17	3.53	spring	sand	1	25
spring_26_eelgrass	9918.85248764649	-20.0385941766667	4.69356290482028	6.86416975009259	2.32475752514348	6.0108516804675	0.785105390333333	2	0.403445289	-5.34593480056691	-6.31704713801112	-1.31728877564722	0.00477249233333333	0.00180709766666667	961.114379133333	109.4386561	-1.96611285637283	1.76814960358892	-0.663830485293833	9.755808409	15.062994	-5.29831736654804	-1.89711998488588	-2.46510402249182	-1.42711635564015	10-06-19	55.74929873	12.59476462	0.005	0.15	0.085	0.24	0.14	5.86	spring	eelgrass	1	26
spring_26_rocks	6576.71766342416	-22.50384787	5.15351128823374	7.03282026748081	2.0334596589238	5.52290418039938	0.863692726666667	3	0.279321844666667	-4.78878375090324	-4.10996232215832	-0.369392892165637	0.00833052833333333	0.0167652636666667	1135.81237166667	180.666811933333	-1.63475572041839	1.58412010444981	-0.831164760520231	9.595072972	14.94655704	-3.2188758248682	-0.462035459596559	-0.438504962186365	0.273836665629728	10-06-19	55.75903234	12.60278652	0.04	0.63	0.645	1.315	0.195	4.875	spring	rocks	1	26
spring_26_sand	8113.16528848123	-22.6689213866667	4.4623492868955	6.29840642485922	1.99020781773945	5.87715212408906	0.818909776	2	0.340406349	-5.2249239152404	-5.83196068528254	-1.41480283719356	0.00539019733333333	0.002955395	544.6894088	86.7917555433333	-1.80180980508156	1.7263316639056	-0.660927473125078	9.743237106	15.15858269	-5.29831736654804	-2.20727491318972	-2.3538783873816	-1.66073120682165	10-06-19	55.75146986	12.59356584	0.005	0.11	0.095	0.19	0.165	5.62	spring	sand	1	26
spring_27_eelgrass	8048.71032025338	-23.2532235766667	5.45618577484298	7.44071201923651	2.13867692426633	5.93802428222487	0.766711285666667	1	0.420405674	-4.71326985410985	-5.87296707348997	-0.481838507381888	0.00934075033333333	0.002857063	1810.16783433333	244.780848333333	-1.93102153656156	1.6094379124341	-0.508007471822427	14.09675687	16.66413498	-4.19970507787993	-1.29098418131557	-0.967584026261706	-0.400477566597125	06-06-19	56.04229589	12.61937113	0.015	0.275	0.38	0.67	0.145	5	spring	eelgrass	1	27
spring_27_rocks	11855.9765309856	-24.2403365133333	4.41388734769551	7.04934889384653	2.78961222608884	5.83963940498327	0.833426031666667	2.33333333333333	0.309868788	-4.17763376304195	-4.92010155885	-1.42575205728776	0.0158648336666667	0.008172695	1243.7879033	85.1528687633333	-0.903868211875598	1.23547147138531	0.307927159936248	14.69614432	19.20914268	-4.60517018598809	-1.96611285637283	0.303801454331664	0.408792898200839	06-06-19	56.0411843	12.6181348	0.01	0.14	1.355	1.505	0.405	3.44	spring	rocks	1	27
spring_27_sand	5607.28846616925	-22.53877017	3.75912894452899	6.00134001697576	2.39636175223621	5.17420937554679	0.807747179666667	2	0.351808333333333	-5.77782707456173	-6.25154543547536	-1.4150804310178	0.00310186066666667	0.00193018266666667	404.996979833333	43.4673716733333	-2.20727491318972	1.54862577303734	-0.5669278837681	15.65692675	15.92436028	-5.29831736654804	-0.867500567704723	-1.53711725085447	-0.470003629245736	06-06-19	56.04450606	12.60919503	0.005	0.42	0.215	0.625	0.11	4.705	spring	sand	2	27
spring_28_eelgrass	18310.9986529976	-20.54605058	4.48690146255263	6.71534550319763	2.38259472043205	6.07478465751205	0.825807840333333	2	0.325513636333333	-5.61743482515904	-5.49269882486511	-1.58788319495942	0.00365235566666667	0.007952401	845.123650633333	89.9231441433333	-2.20727491318972	0.582215619852664	0.343588496587929	17.92607826	15.70296288	-3.2188758248682	-1.58474529984373	-0.186329578191493	0.0723206615796261	05-06-19	55.95139329	11.8471504	0.04	0.205	0.83	1.075	0.11	1.79	spring	eelgrass	2	28
spring_28_rocks	13622.5835796726	-23.39649747	2.82953527020208	5.71405164583658	3.03866705535181	4.39544645683471	0.825244623666667	2	0.322246666666667	-5.64211089623836	-6.02101602649709	-1.56591118663263	0.00355380433333333	0.00242749766666667	305.2771105	17.89319648	-1.80180980508156	0.182321556793955	-0.34324090183876	18.01964237	16.07995796	-3.2188758248682	-0.415515443961666	1.67616154447701	1.79923148406676	05-06-19	55.96726649	11.8442571	0.04	0.66	5.345	6.045	0.165	1.2	spring	rocks	2	28
spring_28_sand	12231.0539549242	-22.15174552	4.25830162219236	6.45400876247229	2.34985782014856	4.62485578148213	0.804858085666667	1	0.355817919666667	-5.10229432105233	-5.80449606720404	-0.36655415928977	0.00608283633333333	0.00301866933333333	635.651070366667	71.0521457666667	-2.7333680090865	0.152721087017664	-0.69934032656011	17.90192191	15.15605164	-4.19970507787993	-1.1239300966524	1.13783300182139	1.24126858906963	05-06-19	55.96898158	11.84613189	0.015	0.325	3.12	3.46	0.065	1.165	spring	sand	2	28
spring_29_eelgrass	52924.0528762569	-24.54030288	5.46903013258595	7.88350915914027	2.5686297063899	4.80436542677815	0.814790119	2	0.355055194666667	-3.54790510901491	-3.81902785143287	NA	0.029125651	0.021971861	2654.00290266667	237.235684733333	0.598836501088704	2.93119375241642	-0.205490831452943	13.23808361	17.19640732	-3.2188758248682	-1.86433016206289	-0.22314355131421	-0.00501254182354418	03-06-19	55.68531813	12.07090738	0.04	0.155	0.8	0.995	1.82	18.75	spring	eelgrass	1	29
spring_29_rocks	47006.0920629157	-22.6582974566667	5.08411071248229	7.36892219721129	2.4389621643324	5.76390922870527	0.785206613	1	0.409614102666667	-4.10433001261122	-3.94100849266916	-0.679798516222985	0.0179115763333333	0.0215376726666667	1653.657205	163.506201466667	0.65232518603969	2.61776072975475	0.76799262892551	13.37663882	17.30082321	-2.7333680090865	0.375005900623456	0.494696241836107	1.15057202759882	03-06-19	55.67983516	12.06896049	0.065	1.455	1.64	3.16	1.92	13.705	spring	rocks	1	29
spring_29_sand	27134.9783392775	-23.6519799266667	5.12767766934134	7.25693515976339	2.28340817022463	5.44432982966846	0.802232934333333	2	0.363905454666667	-5.15405720752283	-6.08981820106012	-0.316652160327122	0.00577873566666667	0.002267234	1418.92983833333	169.313118833333	0.641853886172395	2.82790516291049	0.471000959246794	13.32841753	17.84535599	-3.50655789731998	-1.18744350237473	1.64093657949347	1.70383858785558	03-06-19	55.68356509	12.07310664	0.03	0.305	5.16	5.495	1.9	16.91	spring	sand	1	29
spring_3_rocks	39364.8709613899	-25.47852513	3.0417494670492	5.61486336493717	2.72726457770564	5.38838499244928	0.830371764333333	2	0.320195555333333	-5.17306816557584	-5.42693336910276	-2.34663552540008	0.00567889233333333	0.00439979933333333	277.9426916	23.3753697866667	-1.18744350237473	1.13622915223942	1.71167749239461	31.43626189	18.05178833	-1.89711998488588	-0.400477566597125	1.66203036255327	1.80664808172181	19-06-19	55.9967104	8.1173628	0.15	0.67	5.27	6.09	0.305	3.115	spring	rocks	3	3
spring_3_sand	32928.0933252236	-25.17943556	2.47098264618035	5.33287126611069	3.01603929963458	4.27902307701655	0.823144662333333	1	0.338534444333333	-5.31652235899357	-5.46097471224364	-1.8080404308362	0.00494506233333333	0.00424972566666667	207.0400991	11.9130547866667	-1.86433016206289	1.33368441084759	0.971467213561233	31.42265521	17.25178528	-1.80180980508156	0.0344014267173323	1.42671627561881	1.67989637608266	19-06-19	55.98988942	8.12051726	0.165	1.035	4.165	5.365	0.155	3.795	spring	sand	3	3
spring_30_eelgrass	20590.4970758262	-19.54756385	4.93508819045659	7.14800072879342	2.36706321821475	5.81770917823349	0.776636742	2	0.405056623666667	-5.46533249224454	-6.36609507400221	-0.882620987776897	0.004333325	0.00173159866666667	1358.218213	145.754252016667	-1.80180980508156	-2.04022082852655	-0.242950498944722	13.50357744	19.84371376	-5.29831736654804	-1.77195684193188	-1.25526609871349	-0.809680996815897	24-06-19	55.75904756	11.31756065	0.005	0.17	0.285	0.445	0.165	0.13	spring	eelgrass	1	30
spring_30_rocks	20957.889310988	-20.06205867	6.22905411071516	8.20108076784569	2.12617733700356	6.61161693278278	0.734464209	1	0.498064545333333	-4.26435698838642	-5.252103155767	-0.382562822067611	0.0148027596666667	0.006948557	3685.778663	521.444736833333	-1.68739945390381	-0.82098055206983	0.159985824494577	13.4518497	20.12608719	-3.50655789731998	-1.1239300966524	-1.00785792539965	-0.328504066972036	24-06-19	55.75466545	11.32239182	0.03	0.325	0.365	0.72	0.185	0.44	spring	rocks	1	30
spring_30_sand	12809.8623432407	-20.4741802466667	4.26615982959326	6.61067170986457	2.49866256026042	4.47372445323681	0.778532088333333	2	0.408217857	-5.26245322686337	-5.84835879236779	-0.207564623643552	0.00582133266666667	0.003326615	743.0847557	71.6785172933333	-1.42711635564015	-2.46510402249182	-0.211021105963176	13.55830711	19.64048004	-5.29831736654804	-1.40649706843741	-0.916290731874155	-0.446287102628419	24-06-19	55.75885483	11.34937786	0.005	0.245	0.4	0.64	0.24	0.085	spring	sand	1	30
spring_31_eelgrass	14971.1365907136	-20.65741654	4.99181488301689	6.97204489754997	2.13438069434891	5.46699363342121	0.792213537	2	0.375505050666667	-5.01757345429677	-6.20149474997323	-0.475178750404314	0.00664094966666667	0.002027834	1079.2291191	148.0469808	-1.66073120682165	1.09359974684457	-0.503044311851411	11.21605006	18.86519623	-5.29831736654804	-1.46967597005894	-1.25526609871349	-0.673344553263766	25-06-19	55.34659324	11.10107746	0.005	0.23	0.285	0.51	0.19	2.985	spring	eelgrass	1	31
spring_31_rocks	15778.1321145509	-8.843821012	5.12038565054088	8.07841398912818	3.11217901842445	5.11172149445576	0.871967273	3	0.242946666333333	-4.60566677008199	-2.84907929923964	0.00866415608512331	0.009995655	0.0583466756666667	3590.59077933333	174.3501269	-1.6094379124341	-1.03563748950672	0.577298445312739	11.15588216	20.00775909	-5.29831736654804	-0.879476758751439	-0.673344553263766	-0.0779615414697118	25-06-19	55.32808218	11.12842404	0.005	0.415	0.51	0.925	0.2	0.355	spring	rocks	1	31
spring_31_sand	14828.4741834626	-21.2985980366667	3.70640201502024	6.01246354585382	2.46021221056712	4.82632618943446	0.819306934666667	2	0.319873283	-5.60558170478991	-6.32467135941348	-1.11992417441422	0.00368657233333333	0.001796047	408.860863966667	40.8529297666667	-1.29098418131557	0.968883181993326	-0.538315116356328	11.19790007	19.03575897	-5.29831736654804	-1.20397280432594	-1.18744350237473	-0.49429632181478	25-06-19	55.3475465	11.10117661	0.005	0.3	0.305	0.61	0.275	2.635	spring	sand	1	31
spring_32_rocks	11858.0967148009	-24.5566909266667	5.36997270841101	7.70810714339972	2.49228511498214	5.47600190042479	0.846100757666667	3	0.305381547666667	-4.64727887091278	-4.88898968547818	-0.10602919201378	0.00960690133333333	0.007837954	2257.69646966667	218.021977533333	-0.470003629245736	1.30291275218084	0.402339818139844	7.619033368	14.45507145	-5.29831736654804	-0.903868211875598	-0.59783700075562	-0.0460439385014067	13-06-19	55.2521937	14.8263621	0.005	0.405	0.55	0.955	0.625	3.68	spring	rocks	1	32
spring_32_sand	10014.7446268565	-29.7918492166667	NA	5.3571085734365	NA	NA	0.807709468	3	0.366531838	-6.30728054248387	-7.33444937828238	-1.2879216743139	0.00182497433333333	0.000652868	214.1250505	NA	-1.00785792539965	2.09309786812732	0.369782541020856	7.621165939	14.23378658	-5.29831736654804	-0.63487827243597	1.08687703244969	1.25133337568577	13-06-19	55.2571398	14.8194941	0.005	0.53	2.965	3.495	0.365	8.11	spring	sand	1	32
spring_33_rocks	8234.10201232125	-26.26852893	3.98950155078268	6.19747832275512	2.36212745169604	4.08209124526457	0.820364437333333	2	0.349239627	-5.06533161223853	-5.5935186725132	-0.0925896944818854	0.00631289766666667	0.003783277	492.453495166667	56.7438635666667	-0.82098055206983	0.148420005118273	-0.0779935646851522	7.587817462	18.72673798	-5.29831736654804	-1.80180980508156	-1.02165124753198	-0.644357016390513	11-06-19	55.02243003	14.90372037	0.005	0.165	0.36	0.525	0.44	1.16	spring	rocks	1	33
spring_33_sand	1898.07515667961	-23.5785683733333	4.81157842085625	6.29767546564905	1.64024772475366	4.71705786427735	0.790773289	2	0.37461453	-5.50071502117049	-7.03615650228373	0.0945205565789004	0.00408393433333333	0.000879517	544.0631455	125.035744766667	-1.83258146374831	1.68454538492091	-1.47433924362877	7.662561211	15.51673889	-5.29831736654804	-2.04022082852655	-0.82098055206983	-0.562118918153541	11-06-19	55.02055438	14.91194958	0.005	0.13	0.44	0.57	0.16	5.39	spring	sand	1	33
spring_4_rocks	37055.1941020707	-23.00418573	3.73309578682036	5.96656042864639	2.38761532162678	5.16324286008455	0.850089489	3	0.259008889	-3.91649607079427	-4.22876178021867	-1.4301470732642	0.0203841016666667	0.014583048	394.491758	42.2406276833333	-0.294371060602578	1.60843741210052	1.6123068137983	32.34246696	15.91403008	-0.693147180559945	1.42069578783722	1.45745155543622	2.18997614861139	20-06-19	57.1265072	8.6208932	0.5	4.14	4.295	8.935	0.745	4.995	spring	rocks	3	4
spring_4_sand	34129.6893442583	-27.96473153	NA	4.98170683129704	NA	NA	0.818921091	2	0.340588889	-5.37997281898305	-5.3574847655379	-1.69149696203303	0.004610654	0.00472504433333333	145.934760066667	NA	-1.44816976483798	1.08010881710355	-0.347575450192345	32.36683029	15.48829651	-1.63475572041839	0.421994410059375	1.65918000432891	1.94233232770743	20-06-19	57.1264403	8.6151892	0.195	1.525	5.255	6.975	0.235	2.945	spring	sand	3	4
spring_5_rocks	22337.7120163627	-24.8086355033333	2.71746193357462	5.5490078267022	2.98569657300021	3.63690529395409	0.854757335333333	2.66666666666667	0.271971111	-4.5414158376589	-4.51116830123501	-0.919443360379464	0.0113749093333333	0.0113377353333333	265.0573576	17.0288897646667	-1.77195684193188	0.0815799869924228	1.49391820718697	32.84884595	10.16619873	-3.10109278921182	-0.192371892647456	0.00498754151103897	0.628608659422374	09-05-19	57.59591614	9.95747873	0.045	0.825	1.005	1.875	0.17	1.085	spring	rocks	3	5
spring_5_sand	27529.133943669	-23.4896678766667	2.91798718104486	5.43471997981311	2.67088347842667	2.98420525396934	0.831914239333333	2	0.332282915	-4.86994713278039	-4.9068968656305	-0.0662180729244803	0.007700578	0.00739979633333333	232.239337866667	18.7141752233333	-2.04022082852655	0.473123756581979	-0.345458689104423	32.72651332	9.203084946	-3.2188758248682	-0.579818495252942	-0.287682072451781	0.300104592450338	09-05-19	57.5921291	9.94725756	0.04	0.56	0.75	1.35	0.13	1.605	spring	sand	3	5
spring_6_rocks	32897.6844793928	-22.3257398933333	4.85377309238433	7.03451791714962	2.33489550477175	5.40564974486603	0.815815188	2	0.335381666666667	-4.42870512458019	-4.44815099030332	-0.551876652481702	0.0127363476666667	0.0149720066666667	1215.0762624	136.618852043333	-0.562118918153541	1.88933979756692	0.461563782474393	25.9777931	11.06990814	-2.52572864430826	0.871293365943419	0.0148886124937506	1.24846804421249	08-05-19	57.338797	10.5260316	0.08	2.39	1.015	3.485	0.57	6.615	spring	rocks	3	6
spring_6_sand	26685.5055173696	-20.9354322766667	4.68136582799662	6.73154506493867	2.20432991676702	5.72916935272843	0.812213419666667	1	0.352828644666667	-5.17718484784758	-5.75440270125687	-1.04780352473181	0.00565687	0.003184774	839.059085066667	108.042656766667	-2.16282315061889	0.729961153682662	0.585675239077282	26.00193447	8.911482811	-4.19970507787993	-1.56064774826467	0.0723206615796261	0.262364264467491	08-05-19	57.31914996	10.53214435	0.015	0.21	1.075	1.3	0.115	2.075	spring	sand	3	6
spring_7_rocks	30933.9051989833	-24.2543466733333	3.62385570948544	6.0650079634995	2.59530293358868	3.82247878058933	0.895180322	2.66666666666667	0.192953809666667	-4.9977636352722	-4.88007024899083	-0.198623071103893	0.00701100266666667	0.009048287	458.808769333333	42.1149348433333	-2.04022082852655	0.966983846189673	-0.643869398152755	19.59797498	9.922463417	-3.2188758248682	-0.891598119283784	0.0582689081239758	0.412109650826833	07-05-19	57.3214171	11.1282307	0.04	0.41	1.06	1.51	0.13	2.63	spring	rocks	2	7
spring_7_sand	17804.34785045	-26.6223097333333	NA	5.21509055609549	NA	NA	0.847500043	3	0.278547733666667	-5.42300492140384	-6.13799799106632	0.282336965210812	0.00443030566666667	0.00217459666666667	186.594124066667	NA	-2.65926003693278	1.13301371538544	-0.953734210844107	19.59797498	9.922463417	-4.60517018598809	-2.81341071676004	-0.570929547835696	-0.454130280089445	07-05-19	57.32297997	11.13292171	0.01	0.06	0.565	0.635	0.07	3.105	spring	sand	2	7
spring_8_eelgrass	41855.5150758408	-16.8472993366667	6.953852674171	9.23161421432187	2.43191221994928	7.01156905591973	0.608806356666667	1	0.575448095333333	-3.31595161475899	-4.61093849919746	-0.0577163817487357	0.03648138	0.009967247	10312.4947956667	1053.7708241	-1.66073120682165	0.587786664902119	1.58815421759065	26.08535954	10.2158289	-5.29831736654804	-2.25379492882461	-0.27443684570176	-0.145025772050258	06-05-19	57.05959471	9.87131989	0.005	0.105	0.76	0.865	0.19	1.8	spring	eelgrass	3	8
spring_8_rocks	36361.2186606008	-25.7553944166667	5.73598435326173	8.12063082684556	2.53879715345131	6.33330886185686	0.785547688	1	0.373076161666667	-3.9124056528753	-4.71075191056996	-0.597324508595127	0.020031206	0.009360157	3386.36359166667	313.002829733333	-1.83258146374831	1.33762918913861	0.891901282575149	26.19450137	9.756940842	-2.65926003693278	0.562468856917829	0.712949807856125	1.35196168203939	16-05-19	57.0550982	9.8705184	0.07	1.755	2.04	3.865	0.16	3.81	spring	rocks	3	8
spring_8_sand	40669.7929731993	-16.0485271566667	6.69093385676779	9.01671929988613	2.47993612292342	6.69146273304755	0.629849058	1	0.573220940333333	-3.25296686237389	-3.33918010348869	-0.000528876279767713	0.0386738213333333	0.0365912183333333	8293.26226366667	806.4466372	-5.29831736654804	1.31237867816972	-0.0857329232872086	26.23377627	13.06766129	-4.60517018598809	0.0815799869924228	-0.2484613592985	0.628608659422374	06-05-19	57.01030036	9.63479997	0.01	1.085	0.78	1.875	0.005	3.715	spring	sand	3	8
spring_9_eelgrass	48809.5546551513	-19.1332181666667	5.97530400963024	8.03523530380874	2.21408197404766	6.77138323095091	0.753846332	1	0.430618055666667	-4.45107973347222	-5.41342688702967	-0.796079221320666	0.0119662276666667	0.00459767366666667	3150.25953266667	397.1085025	-1.83258146374831	1.98787434815435	0.24458092638771	23.93778546	12.35728073	-0.809680996815897	1.90508815453506	0.922272803551703	2.27006190128849	14-05-19	56.71051209	9.20700727	0.445	6.72	2.515	9.68	0.16	7.3	spring	eelgrass	2	9
spring_9_rocks	52267.2909498681	-19.4031270166667	6.42751924512869	8.31815070957879	2.04478214413517	6.9941655675034	0.721200987666667	1	0.473862521333333	-3.95522363750817	-4.32986480262342	-0.5666463223747	0.0198499366666667	0.0165940303333333	4266.753168	667.176268033333	-0.502526820951296	2.17475172148416	-0.117539281116935	24.04327571	12.85373688	-0.415515443961666	2.10169215061466	1.53901544813755	2.60268968544438	14-05-19	56.706257	9.2016147	0.66	8.18	4.66	13.5	0.605	8.8	spring	rocks	2	9
spring_9_sand	47555.4135500898	-19.2540669433333	5.85405690385208	7.76493976545312	2.06503354139995	6.91446936373355	0.756659247	2	0.439410470333333	-4.10882090989751	-3.71598379531013	-1.06041245988147	0.0164330286666667	0.024739282	2368.697844	350.7728346	-1.80180980508156	2.28391182772842	-0.913472579099603	23.86543664	11.87744999	-0.536143431750281	2.19833507162025	0.354171813720614	2.39971180372477	14-05-19	56.71280751	9.2091164	0.585	9.01	1.425	11.02	0.165	9.815	spring	sand	2	9
