Sample_ID	season	cluster	habitat	NO2NO3	NO2	NH3	PO4	Si	NO3	Chlorophyll	Latitude	Longitude	Salinity	Temperature	CTD_depth	d18O	SD_d18O	d12H	SD_d12H	sal_group	snch	Time	log_NO2NO3	log_NO2	log_NH3	log_PO4	log_Si	log_NO3	log_Chlorophyll	hab_uni	shc	log_DN	DN
autumn_10_eelgrass	2C10EW	autumn	10	EW	0.615	0.15	2.99	0.855	36.645	0.465	3.652221457	56.55391126	8.61017776	29.95134094	16.59964752	99.35131073	-0.598283738	0.043027511	-3.20828598	0.086701788	3	autumn_10_eelgrass	09-09-19	-0.486133011175619	-1.89711998488588	1.0952733874026	-0.156653810045377	3.60127699337781	-0.765717873394781	1.29533560081753	eelgrass	autumn_10_eelgrass	1.28232177073691	3.605
autumn_10_rocks	2C10RW	autumn	10	RW	1.375	0.255	7.435	0.92	34.875	1.12	5.104176772	56.55032935	8.61454023	29.89684525	16.1827774	78.6192894	-0.584218558	0.007348469	-3.221498914	0.06969218	3	autumn_10_rocks	10-09-19	0.318453731118535	-1.36649173382371	2.00619857991212	-0.083381608939051	3.55177024014153	0.113328685307003	1.63005917945528	rocks	autumn_10_rocks	2.17588743994809	8.81
autumn_10_sand	2C10SW	autumn	10	SW	0.81	0.205	2.1	0.605	37.57	0.605	3.68215868	56.55925617	8.61504498	30.00251403	16.72975922	99.93276596	-0.584053085	0.028624582	-3.271547907	0.018069311	3	autumn_10_sand	09-09-19	-0.210721031315653	-1.58474529984373	0.741937344729377	-0.502526820951296	3.62620585958588	-0.502526820951296	1.30349917802567	sand	autumn_10_sand	1.0681530811834	2.91
autumn_11_rocks	2C11RW	autumn	11	RW	0.65	0.075	2.77	1.46	11.18	0.575	1.360527036	56.8039704	10.282349	28.69282292	18.0800972	28.28512192	-0.90043691	0.053943489	-5.367099222	0.211358227	3	autumn_11_rocks	02-09-19	-0.430782916092454	-2.59026716544583	1.01884732019925	0.378436435720245	2.41412646772695	-0.553385238184787	0.30787215114956	rocks	autumn_11_rocks	1.22964055107451	3.42
autumn_11_sand	2C11SW	autumn	11	SW	0.16	0.025	0.84	0.645	7.365	0.135	1.299155729	56.79719521	10.28607025	29.26305749	17.19214821	100.249958	-0.713287273	0.076923338	-4.475726666	0.201510298	3	autumn_11_sand	02-09-19	-1.83258146374831	-3.68887945411394	-0.174353387144778	-0.438504962186365	1.99673904991459	-2.00248050054371	0.261714614259715	sand	autumn_11_sand	0	1
autumn_12_rocks	2C12RW	autumn	12	RW	10.24	0.345	3.455	1.235	85.5	9.895	3.367817838	56.60978684	10.30299737	19.19471169	15.94149971	64.81637955	-2.751260399	0.021033307	-18.45184449	0.080278889	2	autumn_12_rocks	05-09-19	2.32630161961136	-1.06421086195078	1.23982245721963	0.211070970079941	4.44851637594271	2.29202957905453	1.21426500881286	rocks	autumn_12_rocks	2.61703080271504	13.695
autumn_12_sand	2C12SW	autumn	12	SW	9.315	0.285	3.25	1.085	82.415	9.03	3.203163112	56.60705356	10.29712065	20.48894056	15.28698158	71.95491791	-2.553647274	0.0256671	-17.10966915	0.046317383	2	autumn_12_sand	05-09-19	2.23162600405355	-1.25526609871349	1.17865499634165	0.0815799869924228	4.41176745918332	2.20055236742889	1.16413879408844	sand	autumn_12_sand	2.53091517099556	12.565
autumn_13_rocks	2C13RW	autumn	13	RW	0.755	0.04	0.05	0.325	5.985	0.715	1.870956688	56.44552427	10.95986495	25.8002098	13.13498974	101.5153885	-1.762698256	0.154343448	-12.4409049	0.350976163	3	autumn_13_rocks	17-10-19	-0.281037529733112	-3.2188758248682	-2.99573227355399	-1.1239300966524	1.78925633900994	-0.335472736288129	0.626449897905889	rocks	autumn_13_rocks	-0.216913001563574	0.805
autumn_13_sand	2C13SW	autumn	13	SW	2.4	0.235	0.145	0.4	9.26	2.165	1.556615847	56.44816462	10.95508786	27.41535732	13.04090214	101.7793655	-1.314543464	0.036382688	-8.988160269	0.185091059	3	autumn_13_sand	17-10-19	0.8754687373539	-1.44816976483798	-1.93102153656156	-0.916290731874155	2.22570404865809	0.772420361454453	0.442514136012979	sand	autumn_13_sand	0.934130650002486	2.545
autumn_14_rocks	2C14RW	autumn	14	RW	1.32	0.115	0.12	0.345	8.085	1.205	0.758788854	56.1388617	10.219473	27.10616722	15.42168236	27.0154953	-1.377733323	0.032688938	-9.179933013	0.108339128	3	autumn_14_rocks	12-09-19	0.27763173659828	-2.16282315061889	-2.12026353620009	-1.06421086195078	2.09001049302907	0.186479566942618	-0.276031730011766	rocks	autumn_14_rocks	0.364643113587909	1.44
autumn_14_sand	2C14SW	autumn	14	SW	0.725	0.03	0.185	0.255	8.475	0.695	1.173419393	56.12285239	10.22345435	26.73888949	15.50922108	100.5169868	-1.335032999	0.03032106	-9.402609901	0.032992423	3	autumn_14_sand	12-09-19	-0.321583624127462	-3.50655789731998	-1.68739945390381	-1.36649173382371	2.13712065326651	-0.363843433417345	0.159922044559005	sand	autumn_14_sand	-0.0943106794712414	0.91
autumn_15_rocks	2C15RW	autumn	15	RW	1.71	0.04	0.05	0.955	9.755	1.67	1.068639112	55.7030775	9.6995034	28.81402122	12.93408966	62.44277954	-0.855895647	0.065295227	-5.330111886	0.129746548	3	autumn_15_rocks	19-09-19	0.536493370514568	-3.2188758248682	-2.99573227355399	-0.0460439385014068	2.27777997407507	0.512823626428664	0.0663859810321246	rocks	autumn_15_rocks	0.56531380905006	1.76
autumn_15_sand	2C15SW	autumn	15	SW	0.18	0.015	1.08	1	10.245	0.165	6.076058779	55.70038092	9.710981	28.90309459	12.94756222	100.1495361	-0.758082115	0.040007083	-5.181270845	0.11507331	3	autumn_15_sand	19-09-19	-1.71479842809193	-4.19970507787993	0.0769610411361284	0	2.32678978169086	-1.80180980508156	1.80435625864987	sand	autumn_15_sand	0.231111720963387	1.26
autumn_16_eelgrass	2C16EW	autumn	16	EW	0.255	0.01	0.445	0.345	6.825	0.245	1.257243617	55.5021309	10.61310246	22.0976984	12.66548824	94.69795227	-2.438957962	0.025737133	-17.338725	0.039085803	2	autumn_16_eelgrass	18-09-19	-1.36649173382371	-4.60517018598809	-0.809680996815897	-1.06421086195078	1.92059234107102	-1.40649706843741	0.228921719103381	eelgrass	autumn_16_eelgrass	-0.356674943938732	0.7
autumn_16_rocks	2C16RW	autumn	16	RW	1.005	0.05	1.58	0.665	7.75	0.955	2.664293098	55.48628704	10.59840165	21.88548944	12.49409676	46.31347656	-2.382349464	0.085453496	-16.47100577	0.112759479	2	autumn_16_rocks	18-09-19	0.00498754151103897	-2.99573227355399	0.457424847038875	-0.407968238326283	2.04769284336526	-0.0460439385014068	0.979938768397963	rocks	autumn_16_rocks	0.949725507960392	2.585
autumn_16_sand	2C16SW	autumn	16	SW	0.35	0.03	0.57	0.36	7.535	0.32	1.676364739	55.49418168	10.61822206	22.11475489	12.94719028	93.64023209	-2.296650907	0.033980877	-16.36716785	0.069744534	2	autumn_16_sand	18-09-19	-1.04982212449868	-3.50655789731998	-0.562118918153541	-1.02165124753198	2.01955883207846	-1.13943428318836	0.516627603084742	sand	autumn_16_sand	-0.0833816089390511	0.92
autumn_17_eelgrass	2C17EW	autumn	17	EW	0.565	0.02	0.45	0.425	9.38	0.545	1.45632615	55.48243617	9.71511814	27.44520775	14.80323792	97.44739532	-1.467942711	0.045294591	-9.835703006	0.167247621	3	autumn_17_eelgrass	16-09-19	-0.570929547835696	-3.91202300542815	-0.798507696217772	-0.85566611005772	2.23857976301813	-0.606969484318893	0.375916928810196	eelgrass	autumn_17_eelgrass	0.0148886124937506	1.015
autumn_17_rocks	2C17RW	autumn	17	RW	1.625	0.04	1.86	0.76	6.23	1.585	1.526678624	55.48988732	9.72807937	27.2721379	14.69228935	100.6732941	-1.381486977	0.029640625	-9.025266123	0.082150472	3	autumn_17_rocks	16-09-19	0.485507815781701	-3.2188758248682	0.62057648772511	-0.27443684570176	1.82937633279936	0.460584407329244	0.423094541741722	rocks	autumn_17_rocks	1.24846804421249	3.485
autumn_17_sand	2C17SW	autumn	17	SW	0.4	0.02	0.4	0.67	12.56	0.38	1.457823011	55.4722045	9.72438389	27.3424993	14.93069649	72.96266556	-1.346772438	0.032356864	-9.178935112	0.07588522	3	autumn_17_sand	16-09-19	-0.916290731874155	-3.91202300542815	-0.916290731874155	-0.400477566597125	2.53051716104005	-0.967584026261706	0.376944234585533	sand	autumn_17_sand	-0.22314355131421	0.8
autumn_18_rocks	2C18RW	autumn	18	RW	0.48	0.185	11.16	1.77	38.235	0.295	13.3957098	55.11464713	9.50277209	24.20350357	14.80176163	36.00263596	-1.754585619	0.106458912	-13.17442903	0.21824138	2	autumn_18_rocks	17-09-19	-0.7339691750802	-1.68739945390381	2.41233595695316	0.570979546585738	3.64375132649619	-1.22077992264232	2.59493449151427	rocks	autumn_18_rocks	2.45444744230329	11.64
autumn_18_sand	2C18SW	autumn	18	SW	0.885	0.225	5.975	2.405	41.765	0.66	NA	55.11825552	9.4882245	24.25895595	14.33679962	109.3956947	-1.989322027	0.07309902	-13.81322434	0.211723404	2	autumn_18_sand	17-09-19	-0.122167633974208	-1.49165487677772	1.78758409781757	0.877549903557724	3.73205866820787	-0.415515443961666	NA	sand	autumn_18_sand	1.92570744173779	6.86
autumn_19_eelgrass	2C19EW	autumn	19	EW	26.66	0.41	1.31	0.42	12.04	26.25	5.403429253	55.04167237	10.25488398	17.74977314	12.03675652	100.1446724	-3.369472918	0.031593776	-23.62348597	0.040970314	2	autumn_19_eelgrass	21-10-19	3.28316431475056	-0.891598119283784	0.27002713721306	-0.867500567704723	2.48823443988067	3.26766598903763	1.68703379886516	eelgrass	autumn_19_eelgrass	3.33113250721387	27.97
autumn_19_rocks	2C19RW	autumn	19	RW	13.835	0.23	1.515	0.42	6.045	13.605	2.230083615	55.04015914	10.25435219	18.51820737	12.13624001	102.5773048	-3.296572386	0.073331212	-23.42004159	0.109342428	2	autumn_19_rocks	21-10-19	2.62720161323889	-1.46967597005894	0.415415438961332	-0.867500567704723	1.79923148406676	2.61043737223521	0.802039080284783	rocks	autumn_19_rocks	2.73111547403321	15.35
autumn_19_sand	2C19SW	autumn	19	SW	11.065	0.195	0.775	0.335	5.65	10.87	7.257381599	55.06489033	10.21874036	18.35552642	11.76206017	100.0916481	-3.356578947	0.059199381	-23.51157486	0.132115732	2	autumn_19_sand	21-10-19	2.40378697350301	-1.63475572041839	-0.25489224962879	-1.09362474715707	1.73165554515835	2.38600670113312	1.98201910248801	sand	autumn_19_sand	2.47148362945586	11.84
autumn_1_rocks	2C1RW	autumn	1	RW	13.525	0.675	5.695	0.85	9.79	12.85	2.328936326	55.4464839	8.4066144	28.44073047	15.92016506	59.16004181	-0.843357483	0.009396808	-4.319949858	0.058493589	3	autumn_1_rocks	24-09-19	2.60453982473255	-0.393042588109607	1.73958859689915	-0.162518929497775	2.28136145654242	2.55334381134123	0.845411650897727	rocks	autumn_1_rocks	2.95595140354215	19.22
autumn_1_sand	2C1SW	autumn	1	SW	2.48	0.265	0.62	0.265	10.99	2.215	3.293004718	55.46983904	8.31535033	31.40622371	14.86349869	100.0914574	-0.34478987	0.033301151	-1.460123048	0.137424403	3	autumn_1_sand	24-09-19	0.908258560176891	-1.32802545299591	-0.478035800943	-1.32802545299591	2.39698576841553	0.795252403497099	1.19180043612931	sand	autumn_1_sand	1.1314021114911	3.1
autumn_20_eelgrass	2C20EW	autumn	20	EW	0.18	0.005	4.905	0.125	3.46	0.19	2.469581399	54.8791064	11.01524311	14.62111002	12.27562714	98.13756943	-4.140601981	0.013464769	-30.99488666	0.028939592	1	autumn_20_eelgrass	22-10-19	-1.71479842809193	-5.29831736654804	1.59025509301733	-2.07944154167984	1.24126858906963	-1.66073120682165	0.904048662188461	eelgrass	autumn_20_eelgrass	1.62629502950052	5.085
autumn_20_rocks	2C20RW	autumn	20	RW	0.255	0.005	0.88	0.095	2.705	0.275	2.499518622	54.8803404	11.0176403	14.62492735	12.63769722	50.49133301	-4.417276349	0.022321888	-31.97900236	0.071112352	1	autumn_20_rocks	22-10-19	-1.36649173382371	-5.29831736654804	-0.127833371509885	-2.3538783873816	0.995101912298445	-1.29098418131557	0.916098162133793	rocks	autumn_20_rocks	0.126632650933366	1.135
autumn_20_sand	2C20SW	autumn	20	SW	0.225	0.005	2.355	0.115	3.155	0.235	2.664173349	54.88502254	11.01350353	14.63151744	12.40977383	98.87742996	-3.561222456	0.028304593	-28.47240925	0.100169939	1	autumn_20_sand	22-10-19	-1.49165487677772	-5.29831736654804	0.856540727468381	-2.16282315061889	1.14898849599318	-1.44816976483798	0.979893821507066	sand	autumn_20_sand	0.947789398933526	2.58
autumn_21_eelgrass	2C21EW	autumn	21	EW	0.51	0.045	5.59	0.065	4.71	0.465	1.297539119	54.91905585	11.49217673	15.72899068	12.23364067	99.66945648	-4.013104405	0.130880098	-29.22277678	0.157189376	2	autumn_21_eelgrass	23-10-19	-0.673344553263766	-3.10109278921182	1.72097928716701	-2.7333680090865	1.54968790802833	-0.765717873394781	0.260469485121724	eelgrass	autumn_21_eelgrass	1.80828877117927	6.1
autumn_21_rocks	2C21RW	autumn	21	RW	0.695	0.005	0.52	0.005	1.6	0.695	1.080494252	54.8378707	11.4936118	16.85777504	12.67362499	49.64475632	-3.857946002	0.032295511	-27.96519352	0.220099674	2	autumn_21_rocks	23-10-19	-0.363843433417345	-5.29831736654804	-0.653926467406664	-5.29831736654804	0.470003629245736	-0.363843433417345	0.077418577191283	rocks	autumn_21_rocks	0.194744076792512	1.215
autumn_21_sand	2C21SW	autumn	21	SW	0.17	0.005	0.05	0.005	1.025	0.21	0.306617038	54.84748884	11.47969321	16.47211128	12.1745863	98.08387756	-3.985840149	0.023636836	-29.01395916	0.194624425	2	autumn_21_sand	23-10-19	-1.77195684193188	-5.29831736654804	-2.99573227355399	-5.29831736654804	0.0246926125903714	-1.56064774826467	-1.18215574331217	sand	autumn_21_sand	-1.51412773262978	0.22
autumn_23_rocks	2C23RW	autumn	23	RW	0.59	0.01	0.915	0.13	3.17	0.58	2.798890852	54.955125	12.4624129	9.231963865	12.53521729	66.19215012	-5.455068056	0.026733874	-40.87877217	0.051301722	1	autumn_23_rocks	24-10-19	-0.527632742082372	-4.60517018598809	-0.0888312137066157	-2.04022082852655	1.15373158788919	-0.544727175441672	1.02922321441749	rocks	autumn_23_rocks	0.408792898200839	1.505
autumn_23_sand	2C23SW	autumn	23	SW	0.23	0.005	0.245	0.02	3.725	0.24	1.541527486	54.95019802	12.47570698	9.080047563	12.68154907	101.3571739	-5.679346151	0.037436613	-41.82641502	0.092324247	1	autumn_23_sand	24-10-19	-1.46967597005894	-5.29831736654804	-1.40649706843741	-3.91202300542815	1.31506685183152	-1.42711635564015	0.432773798869501	sand	autumn_23_sand	-0.744440474947496	0.475
autumn_24_eelgrass	2C24EW	autumn	24	EW	0.22	0.005	2.42	0.045	1.39	0.245	2.768953629	55.13308773	12.08769028	10.32708528	11.12942696	62.01438904	-5.141574912	0.010526158	-38.11104013	0.060535664	1	autumn_24_eelgrass	10-10-19	-1.51412773262978	-5.29831736654804	0.883767540168595	-3.10109278921182	0.3293037471426	-1.40649706843741	1.01846949756973	eelgrass	autumn_24_eelgrass	0.970778917158225	2.64
autumn_24_rocks	2C24RW	autumn	24	RW	0.52	0.05	1.91	0.48	5.315	0.47	9.712233884	55.1701609	12.0908908	10.25186785	13.21798706	27.59523392	-4.680680118	0.048267657	-35.59212491	0.11972371	1	autumn_24_rocks	10-10-19	-0.653926467406664	-2.99573227355399	0.647103242058538	-0.7339691750802	1.67053301179391	-0.755022584278033	2.27338631598764	rocks	autumn_24_rocks	0.887891257352457	2.43
autumn_24_sand	2C24SW	autumn	24	SW	0.25	0.005	1.685	0.005	3.705	0.265	1.104444031	55.135901	12.10739352	10.34501222	10.84817219	45.09439468	-4.916899864	0.034455769	-37.23097386	0.053914748	1	autumn_24_sand	10-10-19	-1.38629436111989	-5.29831736654804	0.521765563804325	-5.29831736654804	1.30968325874805	-1.32802545299591	0.0993420689861168	sand	autumn_24_sand	0.660107326481745	1.935
autumn_25_eelgrass	2C25EW	autumn	25	EW	1.975	0.055	0.68	0.22	9.16	1.92	1.412797428	55.56489727	12.28239716	11.01270833	13.23527145	99.71990585	-5.003123362	0.021153408	-37.74321256	0.046379593	1	autumn_25_eelgrass	03-10-19	0.680568398353085	-2.90042209374967	-0.385662480811985	-1.51412773262978	2.21484617868604	0.65232518603969	0.3455717303676	eelgrass	autumn_25_eelgrass	0.976444654693902	2.655
autumn_25_rocks	2C25RW	autumn	25	RW	1.195	0.09	1.925	0.735	12.5	1.105	1.541527486	55.56748637	12.28656134	11.48047651	13.93920994	88.93280029	-5.077609152	0.017084106	-38.08636148	0.044816292	1	autumn_25_rocks	03-10-19	0.178146185383474	-2.40794560865187	0.654925967739748	-0.3078847797693	2.52572864430826	0.0998453349697161	0.432773798869501	rocks	autumn_25_rocks	1.13783300182139	3.12
autumn_25_sand	2C25SW	autumn	25	SW	1.385	0.185	2.475	0.6	17.9	1.2	0.84249333	55.56931596	12.28888679	11.48569882	13.91094685	104.7979355	-4.946348637	0.016975473	-37.43953916	0.05375686	1	autumn_25_sand	03-10-19	0.325700139639302	-1.68739945390381	0.906240396020654	-0.510825623765991	2.88480071284671	0.182321556793955	-0.171389533700906	sand	autumn_25_sand	1.35066718347674	3.86
autumn_26_eelgrass	2C26EW	autumn	26	EW	1.61	0.025	0.235	0.335	6.005	1.585	2.499518622	55.74929873	12.59476462	17.44999892	14.17746925	99.87468719	-3.627619097	0.036571391	-26.44543642	0.185769391	2	autumn_26_eelgrass	02-10-19	0.476234178996372	-3.68887945411394	-1.44816976483798	-1.09362474715707	1.79259245553195	0.460584407329244	0.916098162133793	eelgrass	autumn_26_eelgrass	0.612479277492491	1.845
autumn_26_rocks	2C26RW	autumn	26	RW	1.13	0.03	0.59	0.275	4.665	1.1	1.357413565	55.75903234	12.60278652	18.09406033	14.03590584	89.88018036	-3.377015793	0.006271629	-25.08306148	0.062759063	2	autumn_26_rocks	02-10-19	0.122217632724249	-3.50655789731998	-0.527632742082372	-1.29098418131557	1.54008783429931	0.0953101798043249	0.305581098607265	rocks	autumn_26_rocks	0.542324290825361	1.72
autumn_26_sand	2C26SW	autumn	26	SW	0.35	0.015	0.175	0.36	5.165	0.335	2.903671133	55.75146986	12.59356584	17.85499409	14.3802433	100.084877	-3.677441814	0.007943551	-26.58329919	0.029953297	2	autumn_26_sand	02-10-19	-1.04982212449868	-4.19970507787993	-1.74296930505862	-1.02165124753198	1.6419051025716	-1.09362474715707	1.06597584433759	sand	autumn_26_sand	-0.644357016390513	0.525
autumn_27_eelgrass	2C27EW	autumn	27	EW	0.945	0.075	1.01	0.29	5.51	0.87	1.721135856	56.04229589	12.61937113	19.22930972	12.77262783	96.17471695	-3.418231263	0.011536897	-24.19419184	0.043440381	2	autumn_27_eelgrass	16-10-19	-0.0565703514883944	-2.59026716544583	0.00995033085316809	-1.23787435600162	1.70656462316482	-0.139262067333508	0.542984454264868	eelgrass	autumn_27_eelgrass	0.670390193437329	1.955
autumn_27_rocks	2C27RW	autumn	27	RW	1.005	0.07	3.035	0.71	5.43	0.935	3.143153948	56.0411843	12.6181348	18.60456674	12.78512383	47.79176712	-3.437200311	0.015820872	-24.33319396	0.021835751	2	autumn_27_rocks	16-10-19	0.00498754151103897	-2.65926003693278	1.11021142451146	-0.342490308946776	1.69193913394584	-0.06720874969345	1.14522673784402	rocks	autumn_27_rocks	1.39624469197306	4.04
autumn_27_sand	2C27SW	autumn	27	SW	0.72	0.055	0.51	0.28	4.18	0.665	2.813844495	56.04450606	12.60919503	20.56559768	12.82640076	93.58301163	-3.03413287	0.004349329	-21.25933026	0.153443149	2	autumn_27_sand	16-10-19	-0.328504066972036	-2.90042209374967	-0.673344553263766	-1.27296567581289	1.43031124653666	-0.407968238326283	1.03455169597121	sand	autumn_27_sand	0.207014169384326	1.23
autumn_28_eelgrass	2C28EW	autumn	28	EW	0.195	0.005	0.935	0.2	2.76	0.2	1.156819202	55.95139329	11.8471504	19.16525512	12.77928925	98.86760712	-3.26782286	0.013352902	-23.71365697	0.078093961	2	autumn_28_eelgrass	01-10-19	-1.63475572041839	-5.29831736654804	-0.06720874969345	-1.6094379124341	1.01523067972906	-1.6094379124341	0.145674171523878	eelgrass	autumn_28_eelgrass	0.122217632724249	1.13
autumn_28_rocks	2C28RW	autumn	28	RW	0.67	0.015	3.91	0.25	4.115	0.655	1.810947525	55.96726649	11.8442571	19.17607607	13.36939621	27.96449661	-3.125622745	0.035571993	-23.13981448	0.09088821	2	autumn_28_rocks	01-10-19	-0.400477566597125	-4.19970507787993	1.36353737399727	-1.38629436111989	1.41463883412903	-0.423120043346885	0.593850202777442	rocks	autumn_28_rocks	1.52169899812609	4.58
autumn_28_sand	2C28SW	autumn	28	SW	0.255	0.005	0.795	0.19	3.4	0.255	1.601386964	55.96898158	11.84613189	18.30380049	13.54317856	104.1571617	-2.997469309	0.060825707	-22.03175044	0.159833246	2	autumn_28_sand	01-10-19	-1.36649173382371	-5.29831736654804	-0.229413164327805	-1.66073120682165	1.22377543162212	-1.36649173382371	0.470870106246093	sand	autumn_28_sand	0.048790164169432	1.05
autumn_29_eelgrass	2C29EW	autumn	29	EW	4.015	0.52	2.685	5.44	14.995	3.495	3.876615912	55.68531813	12.07090738	14.5029316	14.19524384	74.12033081	-2.722783005	0.019072668	-22.41858893	0.057122383	1	autumn_29_eelgrass	30-09-19	1.39003734739872	-0.653926467406664	0.987680727960828	1.69377906086785	2.70771681220097	1.25133337568577	1.35496258542938	eelgrass	autumn_29_eelgrass	1.90210752639692	6.7
autumn_29_rocks	2C29RW	autumn	29	RW	3.24	0.425	2.44	5.035	14.25	2.815	5.074104831	55.67983516	12.06896049	14.46906247	13.79972839	22.57242203	-2.668751587	0.019896398	-22.29540808	0.06161304	1	autumn_29_rocks	30-09-19	1.17557332980424	-0.85566611005772	0.89199803930511	1.61641352617053	2.65675690671466	1.03496226159165	1.62415012138937	rocks	autumn_29_rocks	1.73695123273306	5.68
autumn_29_sand	2C29SW	autumn	29	SW	3.755	0.51	2.525	4.91	15.35	3.245	8.215223048	55.68356509	12.07310664	14.56012987	14.06117219	85.0262666	-2.743106749	0.024711671	-22.57081242	0.04603658	1	autumn_29_sand	30-09-19	1.3230882852161	-0.673344553263766	0.926241062727323	1.59127394180643	2.73111547403321	1.17711535015605	2.10598890242922	sand	autumn_29_sand	1.83736998048011	6.28
autumn_30_eelgrass	2C30EW	autumn	30	EW	0.33	0.005	1.085	0.21	1.785	0.34	0.806553693	55.75904756	11.31756065	20.59974741	11.36923409	88.2935524	-2.91278512	0.069320752	-20.96863373	0.144091638	2	autumn_30_eelgrass	09-10-19	-1.10866262452161	-5.29831736654804	0.0815799869924228	-1.56064774826467	0.579418415231602	-1.07880966137193	-0.214984808307432	eelgrass	autumn_30_eelgrass	0.347129531095201	1.415
autumn_30_rocks	2C30RW	autumn	30	RW	0.365	0.005	0.56	0.26	2.045	0.37	1.305008456	55.75466545	11.32239182	20.59251327	12.26506233	101.3545036	-2.618995072	0.044140684	-20.00079303	0.137258637	2	autumn_30_rocks	09-10-19	-1.00785792539965	-5.29831736654804	-0.579818495252942	-1.34707364796661	0.715397789494765	-0.994252273343867	0.26620952044715	rocks	autumn_30_rocks	-0.0779615414697118	0.925
autumn_30_sand	2C30SW	autumn	30	SW	0.25	0.005	5.64	0.225	1.475	0.255	1.363386041	55.75885483	11.34937786	20.57601437	11.32012463	94.74573135	-2.893617522	0.062767561	-21.1507227	0.133278155	2	autumn_30_sand	09-10-19	-1.38629436111989	-5.29831736654804	1.72988406550997	-1.49165487677772	0.388657989791783	-1.36649173382371	0.309971341519484	sand	autumn_30_sand	1.7732559976635	5.89
autumn_31_eelgrass	2C31EW	autumn	31	EW	0.33	0.005	0.67	0.105	4.815	0.36	1.870821971	55.34659324	11.10107746	14.62589578	12.06023502	98.97518158	-4.310513547	0.064543525	-31.51527771	0.129954992	1	autumn_31_eelgrass	08-10-19	-1.10866262452161	-5.29831736654804	-0.400477566597125	-2.25379492882461	1.57173604525009	-1.02165124753198	0.626377890974247	eelgrass	autumn_31_eelgrass	0	1
autumn_31_rocks	2C31RW	autumn	31	RW	0.52	0.005	1.215	0.105	5.29	0.545	2.424660596	55.32808218	11.12842404	13.91311981	12.43216896	28.12356949	-4.437677396	0.016164777	-32.60637963	0.036228442	1	autumn_31_rocks	08-10-19	-0.653926467406664	-5.29831736654804	0.194744076792512	-2.25379492882461	1.66581824587021	-0.606969484318893	0.885691554181703	rocks	autumn_31_rocks	0.551007413398823	1.735
autumn_31_sand	2C31SW	autumn	31	SW	0.37	0.005	0.685	0.115	5.36	0.395	2.170194201	55.3475465	11.10117661	14.54016914	12.47414112	100.6666183	-4.345476996	0.025481366	-32.05376831	0.051997115	1	autumn_31_sand	08-10-19	-0.994252273343867	-5.29831736654804	-0.378336440719912	-2.16282315061889	1.67896397508271	-0.928869514081015	0.774816657096447	sand	autumn_31_sand	0.05354076692803	1.055
autumn_32_rocks	2C32RW	autumn	32	RW	0.18	0.005	0.755	0.14	8.415	0.205	3.502400624	55.2521937	14.8263621	7.773209631	12.97750854	90.46506882	-5.935752138	0.04928962	-44.26733318	0.069314982	1	autumn_32_rocks	14-10-19	-1.71479842809193	-5.29831736654804	-0.281037529733112	-1.96611285637283	2.13001582764277	-1.58474529984373	1.25344862594999	rocks	autumn_32_rocks	-0.06720874969345	0.935
autumn_32_sand	2C32SW	autumn	32	SW	0.335	0.005	0.485	0.195	9.675	0.35	1.795978913	55.2571398	14.8194941	7.764268105	12.98147392	31.45647049	-6.038857962	0.053391635	-44.65546969	0.057160301	1	autumn_32_sand	14-10-19	-1.09362474715707	-5.29831736654804	-0.723606388044654	-1.63475572041839	2.26954523891585	-1.04982212449868	0.585550228719767	sand	autumn_32_sand	-0.198450938723838	0.82
autumn_33_rocks	2C33RW	autumn	33	RW	5.37	0.125	0.41	0.195	10	5.245	4.011333415	55.02243003	14.90372037	7.642738844	13.25653839	67.93737411	-6.185748242	0.057020756	-45.62643168	0.098278685	1	autumn_33_rocks	15-10-19	1.68082790852077	-2.07944154167984	-0.891598119283784	-1.63475572041839	2.30258509299405	1.65727524184826	1.38912370848903	rocks	autumn_33_rocks	1.75440368268429	5.78
autumn_33_sand	2C33SW	autumn	33	SW	1.45	0.045	0.795	0.175	10.325	1.405	NA	55.02055438	14.91194958	7.713237434	12.58662796	99.71923828	-6.052573642	0.11384507	-44.52165356	0.121773013	1	autumn_33_sand	15-10-19	0.371563556432483	-3.10109278921182	-0.229413164327805	-1.74296930505862	2.3345681388471	0.340037302785709	NA	sand	autumn_33_sand	0.808705521194218	2.245
autumn_3_rocks	2C3RW	autumn	3	RW	3.255	0.51	5.58	0.805	9.135	2.745	1.101599995	55.9967104	8.1173628	32.22219519	15.4725914	75.65765381	-0.051864866	0.102959701	0.731899878	0.261120406	3	autumn_3_rocks	24-09-19	1.18019227566053	-0.673344553263766	1.71918877639322	-0.216913001563574	2.21211318982997	1.00978107496149	0.0967636638934554	rocks	autumn_3_rocks	2.17872110577166	8.835
autumn_3_sand	2C3SW	autumn	3	SW	0.925	0.165	0.05	0.215	10.7	0.76	3.322941941	55.98988942	8.12051726	32.06534178	14.95973206	95.33128738	-0.142023612	0.037792856	0.360009092	0.252938464	3	autumn_3_sand	23-09-19	-0.0779615414697118	-1.80180980508156	-2.99573227355399	-1.53711725085447	2.37024374146786	-0.27443684570176	1.20085051735705	sand	autumn_3_sand	-0.0253178079842898	0.975
autumn_4_rocks	2C4RW	autumn	4	RW	22.715	1.515	8.165	3.45	6.325	21.2	1.51173995	57.1265072	8.6208932	33.40662686	15.42676163	55.51147461	0.128320379	0.146190857	2.26428319	0.304041719	3	autumn_4_rocks	25-09-19	3.12302549921137	0.415415438961332	2.09985672642243	1.23837423104327	1.84451003461358	3.05400118167797	0.413261272224497	rocks	autumn_4_rocks	3.43010872515658	30.88
autumn_4_sand	2C4SW	autumn	4	SW	0.52	0.03	0.05	0.06	2.12	0.49	0.838152432	57.1264403	8.6151892	33.62559783	14.64233112	94.58866119	0.077405649	0.038504112	2.27527996	0.113090082	3	autumn_4_sand	25-09-19	-0.653926467406664	-3.50655789731998	-2.99573227355399	-2.81341071676004	0.751416088683921	-0.713349887877465	-0.176555295280473	sand	autumn_4_sand	-0.562118918153541	0.57
autumn_5_rocks	2C5RW	autumn	5	RW	4.23	0.59	10.055	0.625	4.305	3.64	0.715409818	57.14392	10.42871	33.36212882	14.11095619	105.4853439	0.147595241	0.055034535	2.362754271	0.234813685	3	autumn_5_rocks	26-09-19	1.44220199305819	-0.527632742082372	2.30807002322462	-0.470003629245736	1.45977713787969	1.29198368164865	-0.334899728460504	rocks	autumn_5_rocks	2.65921003568274	14.285
autumn_5_sand	2C5SW	autumn	5	SW	0.99	0.105	1.54	0.22	3.95	0.885	3.742063063	57.5921291	9.94725756	33.29591408	13.93986511	101.0954857	0.026590104	0.025812788	2.171976964	0.172818305	3	autumn_5_sand	26-09-19	-0.0100503358535015	-2.25379492882461	0.431782416425538	-1.51412773262978	1.37371557891303	-0.122167633974208	1.31963708046243	sand	autumn_5_sand	0.928219302739429	2.53
autumn_6_rocks	2C6RW	autumn	6	RW	3.835	0.15	1.62	0.395	9.94	3.685	2.275139136	57.338797	10.5260316	24.55660816	9.206731796	64.76974487	-1.545341465	0.028686815	-11.32623997	0.18044713	2	autumn_6_rocks	29-10-19	1.34416943481922	-1.89711998488588	0.482426149244293	-0.928869514081015	2.29656702066848	1.3042705256413	0.822041209214116	rocks	autumn_6_rocks	1.69653261928503	5.455
autumn_6_sand	2C6SW	autumn	6	SW	1.735	0.09	0.17	0.27	3.82	1.645	1.751237734	57.13986	10.42954	25.10060756	9.390329361	99.35560226	-1.947638941	0.076662898	-12.65957288	0.180789011	3	autumn_6_sand	29-10-19	0.551007413398823	-2.40794560865187	-1.77195684193188	-1.30933331998376	1.34025042261848	0.497740384217335	0.560322814504651	sand	autumn_6_sand	0.644482008578664	1.905
autumn_7_rocks	2C7RW	autumn	7	RW	0.945	0.04	0.05	0.165	4.105	0.905	0.808215209	57.3214171	11.1282307	25.79792948	10.57108021	33.94098282	-1.501947433	0.005549024	-10.54732237	0.080849758	3	autumn_7_rocks	28-10-19	-0.0565703514883944	-3.2188758248682	-2.99573227355399	-1.80180980508156	1.41220574290439	-0.0998203352822109	-0.212926908153035	rocks	autumn_7_rocks	-0.00501254182354429	0.995
autumn_7_sand	2C7SW	autumn	7	SW	0.615	0.005	0.05	0.175	4.04	0.615	2.305076359	57.32297997	11.13292171	26.11983898	11.07722187	102.8416634	-1.724088818	0.050679384	-11.64927726	0.193797231	3	autumn_7_sand	28-10-19	-0.486133011175619	-5.29831736654804	-2.99573227355399	-1.74296930505862	1.39624469197306	-0.486133011175619	0.835113803448714	sand	autumn_7_sand	-0.407968238326283	0.665
autumn_8_eelgrass	2C8EW	autumn	8	EW	1.38	0.225	3.345	0.975	15.285	1.155	2.679291646	57.05959471	9.87131989	25.91790358	17.43560982	106.8047523	-1.269868085	0.028428272	-8.462240108	0.029986664	3	autumn_8_eelgrass	03-09-19	0.322083499169113	-1.49165487677772	1.20746669358019	-0.0253178079842899	2.7268719553428	0.144100343973757	0.985552448392376	eelgrass	autumn_8_eelgrass	1.55286756094571	4.725
autumn_8_rocks	2C8RW	autumn	8	RW	2.075	0.31	6	2.915	31.34	1.765	7.746031921	57.0550982	9.8705184	25.6496519	18.14898682	35.94970703	-1.216779071	0.030492622	-8.603343783	0.093112119	3	autumn_8_rocks	03-09-19	0.729961153682662	-1.17118298150295	1.79175946922805	1.06986981980246	3.44489523692787	0.56815069038526	2.04718070204973	rocks	autumn_8_rocks	2.08877286910872	8.075
autumn_8_sand	2C8SW	autumn	8	SW	0.895	0.175	2.76	1.035	14.63	0.72	2.305076359	57.01030036	9.63479997	25.92457883	17.65885353	66.93477631	-1.244532404	0.071169282	-8.350226527	0.176831747	3	autumn_8_sand	03-09-19	-0.110931560707282	-1.74296930505862	1.01523067972906	0.0344014267173323	2.68307421503203	-0.328504066972036	0.835113803448714	sand	autumn_8_sand	1.29609609320174	3.655
autumn_9_eelgrass	2C9EW	autumn	9	EW	0.465	0.095	4.185	2.635	22.3	0.37	8.291712653	56.71051209	9.20700727	26.54163277	17.74905586	97.86863327	-1.23625277	0.009246621	-7.714424068	0.06647932	3	autumn_9_eelgrass	04-09-19	-0.765717873394781	-2.3538783873816	1.43150670394144	0.968883181993326	3.10458667846607	-0.994252273343867	2.11525654045162	eelgrass	autumn_9_eelgrass	1.53686721959926	4.65
autumn_9_rocks	2C9RW	autumn	9	RW	3.15	0.265	3.92	2.51	25.02	2.885	6.031452317	56.706257	9.2016147	26.46904128	17.84535027	29.6046257	-1.253805595	0.059355427	-8.042272772	0.154642383	3	autumn_9_rocks	04-09-19	1.14740245283754	-1.32802545299591	1.36609165380237	0.920282753143692	3.21967550503877	1.05952489996006	1.79698783033011	rocks	autumn_9_rocks	1.95586047990848	7.07
autumn_9_sand	2C9SW	autumn	9	SW	0.3	0.055	4.68	2.89	20.965	0.245	10.45300053	56.71280751	9.2091164	26.55463572	17.83140945	101.0923386	-1.03141462	0.026977151	-7.301311295	0.089034076	3	autumn_9_sand	04-09-19	-1.20397280432594	-2.90042209374967	1.54329810992956	1.06125650212434	3.04285438062273	-1.40649706843741	2.34688906925372	sand	autumn_9_sand	1.60542989103656	4.98
spring_10_eelgrass	C10EW	spring	10	EW	0.325	0.045	0.845	0.085	0.125	0.28	0.778837858	56.55391126	8.61017776	29.17519075	12.18181324	57.73611069	-0.917492878	0.025523845	-4.868764908	0.067457888	3	spring_10_eelgrass	15-05-19	-1.1239300966524	-3.10109278921182	-0.168418651624963	-2.46510402249182	-2.07944154167984	-1.27296567581289	-0.249952395982451	eelgrass	spring_10_eelgrass	0.157003748809665	1.17
spring_10_rocks	C10RW	spring	10	RW	0.74	0.09	1.89	0.125	0.44	0.65	1.303736124	56.55032935	8.61454023	29.35614481	13.30607605	32.46164322	-0.741205355	0.011729592	-4.527800844	0.046859008	3	spring_10_rocks	15-05-19	-0.301105092783922	-2.40794560865187	0.636576829071551	-2.07944154167984	-0.82098055206983	-0.430782916092454	0.265234084131432	rocks	spring_10_rocks	0.966983846189673	2.63
spring_10_sand	C10SW	spring	10	SW	0.15	0.02	0.775	0.07	0.13	0.13	1.341157653	56.55925617	8.61504498	29.02708831	13.50002003	50.75616837	-0.857712004	0.071957395	-5.050745728	0.153672921	3	spring_10_sand	15-05-19	-1.89711998488588	-3.91202300542815	-0.25489224962879	-2.65926003693278	-2.04022082852655	-2.04022082852655	0.293533161147854	sand	spring_10_sand	-0.0779615414697118	0.925
spring_11_rocks	C11RW	spring	11	RW	0.54	0.04	1.09	0.51	3.08	0.5	2.299035027	56.8039704	10.282349	22.83295137	13.0819788	33.41369629	-2.297894754	0.043890774	-16.92970057	0.055040894	2	spring_11_rocks	13-05-19	-0.616186139423817	-3.2188758248682	0.0861776962410524	-0.673344553263766	1.12492959698548	-0.693147180559945	0.832489481419658	rocks	spring_11_rocks	0.488580014818671	1.63
spring_11_sand	C11SW	spring	11	SW	0.08	0.01	0.42	0.135	3.19	0.07	1.31122043	56.79719521	10.28607025	22.83295137	13.0819788	33.41369629	-2.275472321	0.030793939	-16.98959738	0.110067252	2	spring_11_sand	13-05-19	-2.52572864430826	-4.60517018598809	-0.867500567704723	-2.00248050054371	1.16002091679675	-2.65926003693278	0.270958329473139	sand	spring_11_sand	-0.693147180559945	0.5
spring_12_rocks	C12RW	spring	12	RW	2.835	0.075	1.595	0.66	10.485	2.76	1.008854478	56.60978684	10.30299737	21.2563721067064	NA	NA	-2.634824785	0.018297541	-18.06957011	0.132914133	2	spring_12_rocks	02-05-19	1.04204193717972	-2.59026716544583	0.466873736236808	-0.415515443961666	2.34994566435388	1.01523067972906	0.00881550698605024	rocks	spring_12_rocks	1.48839958405704	4.43
spring_12_sand	C12SW	spring	12	SW	8.465	0.165	3	0.44	22.02	8.3	1.736328997	56.60705356	10.29712065	19.3391171939306	NA	NA	-3.471115591	0.020248457	-24.14410477	0.101005775	2	spring_12_sand	02-05-19	2.1359400155851	-1.80180980508156	1.09861228866811	-0.82098055206983	3.09195113129453	2.11625551480255	0.551773112683494	sand	spring_12_sand	2.43929891630987	11.465
spring_13_rocks	C13RW	spring	13	RW	1.69	0.005	0.75	0.005	4.615	1.69	0.411606879	56.44552427	10.95986495	12.8178192486999	NA	NA	-4.354889195	0.024460172	-32.81653039	0.101324726	1	spring_13_rocks	01-05-19	0.524728528934982	-5.29831736654804	-0.287682072451781	-5.29831736654804	1.52931186795482	0.524728528934982	-0.887686562333912	rocks	spring_13_rocks	0.89199803930511	2.44
spring_13_sand	C13SW	spring	13	SW	0.74	0.005	0.255	0.005	3.345	0.745	0.069633981	56.44816462	10.95508786	18.0839326973109	NA	NA	-4.617627352	0.027914154	-33.88548876	0.090185919	2	spring_13_sand	01-05-19	-0.301105092783922	-5.29831736654804	-1.36649173382371	-5.29831736654804	1.20746669358019	-0.294371060602578	-2.66450259802998	sand	spring_13_sand	-0.00501254182354429	0.995
spring_14_rocks	C14RW	spring	14	RW	0.475	0.015	0.685	0.04	1.17	0.46	1.218415039	56.1388617	10.219473	21.70366803	11.44521809	50.59261322	-2.464579165	0.01554027	-18.89814263	0.083729127	2	spring_14_rocks	27-05-19	-0.744440474947496	-4.19970507787993	-0.378336440719912	-3.2188758248682	0.157003748809665	-0.776528789498996	0.19755086575967	rocks	spring_14_rocks	0.148420005118273	1.16
spring_14_sand	C14SW	spring	14	SW	0.31	0.005	0.63	0.005	3.35	0.32	0.752801409	56.12285239	10.22345435	19.25923994	12.69237804	102.5702477	-2.92967978	0.038187258	-22.46017255	0.117667328	2	spring_14_sand	27-05-19	-1.17118298150295	-5.29831736654804	-0.462035459596559	-5.29831736654804	1.20896034583698	-1.13943428318836	-0.283953819033654	sand	spring_14_sand	-0.0618754037180875	0.94
spring_15_rocks	C15RW	spring	15	RW	35.675	1.045	5.04	0.645	24.435	34.63	0.493934242	55.7030775	9.6995034	18.19393525	13.46554661	44.46077347	-5.017839449	0.030083218	-34.57596281	0.097938756	2	spring_15_rocks	20-05-19	3.5744501633629	0.0440168854167743	1.61740608208328	-0.438504962186365	3.19601653072212	3.54472035841433	-0.705352884014908	rocks	spring_15_rocks	3.70659657491909	40.715
spring_15_sand	C15SW	spring	15	SW	0.89	0.005	0.77	0.06	1.725	0.92	1.082200674	55.70038092	9.710981	18.18218301	12.70506668	98.28891754	-3.309871917	0.02403123	-24.79215496	0.074771652	2	spring_15_sand	20-05-19	-0.116533816255952	-5.29831736654804	-0.261364764134408	-2.81341071676004	0.545227050483323	-0.083381608939051	0.0789966290317004	sand	spring_15_sand	0.506817602368452	1.66
spring_16_eelgrass	C16EW	spring	16	EW	0.075	0.005	0.395	0.045	3.715	0.09	1.631548716	55.5021309	10.61310246	16.94203769	13.71061802	100.9374619	-3.706661807	0.048960188	-27.50640513	0.131739769	2	spring_16_eelgrass	23-05-19	-2.59026716544583	-5.29831736654804	-0.928869514081015	-3.10109278921182	1.31237867816972	-2.40794560865187	0.489529696243818	eelgrass	spring_16_eelgrass	-0.755022584278033	0.47
spring_16_rocks	C16RW	spring	16	RW	0.2	0.005	0.59	0.075	3.94	0.195	1.796203443	55.48628704	10.59840165	16.98427279	14.59406948	99.56054688	-3.28016197	0.031746916	-25.61858096	0.081612907	2	spring_16_rocks	23-05-19	-1.6094379124341	-5.29831736654804	-0.527632742082372	-2.59026716544583	1.37118072330984	-1.63475572041839	0.585675239077282	rocks	spring_16_rocks	-0.23572233352107	0.79
spring_16_sand	C16SW	spring	16	SW	0.19	0.005	0.495	0.245	3.565	0.195	1.411510127	55.49418168	10.61822206	17.26333706	15.23068142	68.99681091	-3.557180626	0.019002631	-26.26950313	0.095392697	2	spring_16_sand	23-05-19	-1.66073120682165	-5.29831736654804	-0.703197516413447	-1.40649706843741	1.27116405386626	-1.63475572041839	0.34466014332258	sand	spring_16_sand	-0.378336440719912	0.685
spring_17_eelgrass	C17EW	spring	17	EW	0.215	0.005	0.505	0.16	0.325	0.21	1.990683127	55.48243617	9.71511814	16.28787947	11.91833305	58.78868103	-3.857231923	0.00680441	-28.768618	0.04348678	2	spring_17_eelgrass	22-05-19	-1.53711725085447	-5.29831736654804	-0.683196849706777	-1.83258146374831	-1.1239300966524	-1.56064774826467	0.688477859728835	eelgrass	spring_17_eelgrass	-0.328504066972036	0.72
spring_17_rocks	C17RW	spring	17	RW	0.33	0.03	0.905	0.145	0.585	0.3	1.878418541	55.48988732	9.72807937	16.3566822	11.97326851	101.6763687	-3.927319788	0.022853884	-29.08064101	0.032174524	2	spring_17_rocks	22-05-19	-1.10866262452161	-3.50655789731998	-0.0998203352822109	-1.93102153656156	-0.536143431750281	-1.20397280432594	0.630430221237508	rocks	spring_17_rocks	0.211070970079941	1.235
spring_17_sand	C17SW	spring	17	SW	1.135	0.005	0.64	0.13	0.315	1.14	1.848481318	55.4722045	9.72438389	16.08510363	12.16158581	43.98508072	-3.905805058	0.040741461	-29.16901257	0.047598144	2	spring_17_sand	22-05-19	0.126632650933366	-5.29831736654804	-0.446287102628419	-2.04022082852655	-1.1551826401565	0.131028262406404	0.614364392770581	sand	spring_17_sand	0.573800422927379	1.775
spring_18_rocks	C18RW	spring	18	RW	0.335	0.005	0.425	0.13	4.64	0.33	1.945889557	55.11464713	9.50277209	15.54079582	17.09177399	36.31877899	-4.092904019	0.014678783	-30.11941889	0.030755487	2	spring_18_rocks	21-05-19	-1.09362474715707	-5.29831736654804	-0.85566611005772	-2.04022082852655	1.53471436623816	-1.10866262452161	0.665719228299193	rocks	spring_18_rocks	-0.27443684570176	0.76
spring_18_sand	C18SW	spring	18	SW	1.635	0.08	0.76	0.385	13.99	1.555	1.781234831	55.11825552	9.4882245	14.99475114	16.61330795	99.45363998	-4.176224103	0.024951286	-30.56502332	0.032488459	1	spring_18_sand	21-05-19	0.491642804349217	-2.52572864430826	-0.27443684570176	-0.954511944694353	2.63834278867739	0.441475545631197	0.577306849068738	sand	spring_18_sand	0.873383230862879	2.395
spring_19_eelgrass	C19EW	spring	19	EW	0.18	0.005	0.29	0.265	0.05	0.18	1.915952334	55.04167237	10.25488398	15.34406208	13.51083565	100.3512383	-3.880821135	0.019177243	-29.89983125	0.058892275	2	spring_19_eelgrass	28-05-19	-1.71479842809193	-5.29831736654804	-1.23787435600162	-1.32802545299591	-2.99573227355399	-1.71479842809193	0.650214801368646	eelgrass	spring_19_eelgrass	-0.755022584278033	0.47
spring_19_rocks	C19RW	spring	19	RW	0.475	0.03	0.46	0.1	0.115	0.445	1.312717291	55.04015914	10.25435219	15.37561768	13.98300552	100.1402855	-3.858238105	0.028987354	-29.68655647	0.062138555	2	spring_19_rocks	28-05-19	-0.744440474947496	-3.50655789731998	-0.776528789498996	-2.30258509299405	-2.16282315061889	-0.809680996815897	0.272099256828536	rocks	spring_19_rocks	-0.06720874969345	0.935
spring_19_sand	C19SW	spring	19	SW	0.115	0.015	1.165	0.34	0.05	0.1	1.071722646	55.06489033	10.21874036	15.54664499	12.92238522	65.92674255	-4.019235865	0.02027108	-29.84436306	0.051455806	2	spring_19_sand	28-05-19	-2.16282315061889	-4.19970507787993	0.152721087017664	-1.07880966137193	-2.99573227355399	-2.30258509299405	0.0692673034270616	sand	spring_19_sand	0.246860077931526	1.28
spring_1_rocks	C1RW	spring	1	RW	6.34	0.5	4.205	0.6	3.695	5.84	2.993602551	55.4464839	8.4066144	28.75403949	20.05633736	100.9875298	-0.538851129	0.055450879	-3.420519775	0.10419293	3	spring_1_rocks	18-06-19	1.84687876844913	-0.693147180559945	1.43627429342491	-0.510825623765991	1.30698055440017	1.76473079684014	1.09647752868858	rocks	spring_1_rocks	2.35565181393074	10.545
spring_1_sand	C1SW	spring	1	SW	1.1	0.115	2.895	0.26	2.885	0.985	1.930831134	55.46983904	8.31535033	30.35023057	18.27405739	106.3819885	-0.282769637	0.066063522	-1.832532129	0.072687765	3	spring_1_sand	18-06-19	0.0953101798043249	-2.16282315061889	1.06298511102496	-1.34707364796661	1.05952489996006	-0.0151136378100482	0.657950549596508	sand	spring_1_sand	1.38504357921824	3.995
spring_20_eelgrass	C20EW	spring	20	EW	0.2	0.01	0.255	0.155	1.025	0.19	0.544812553	54.8791064	11.01524311	11.89946707	13.07558823	102.418232	-4.714744849	0.023338095	-35.85454326	0.040178352	1	spring_20_eelgrass	29-05-19	-1.6094379124341	-4.60517018598809	-1.36649173382371	-1.86433016206289	0.0246926125903714	-1.66073120682165	-0.607313482929172	eelgrass	spring_20_eelgrass	-0.787457860031187	0.455
spring_20_rocks	C20RW	spring	20	RW	0.29	0.015	0.05	0.285	0.35	0.275	2.514681826	54.8803404	11.0176403	10.87760922	16.84225082	23.26211929	-4.964443929	0.006685806	-37.57039803	0.052715905	1	spring_20_rocks	29-05-19	-1.23787435600162	-4.19970507787993	-2.99573227355399	-1.25526609871349	-1.04982212449868	-1.29098418131557	0.92214628501179	rocks	spring_20_rocks	-1.07880966137193	0.34
spring_20_sand	C20SW	spring	20	SW	0.25	0.005	0.535	0.11	0.645	0.245	0.640626635	54.88502254	11.01350353	11.53804626	13.54700756	104.3223381	-5.113821606	0.02251592	-37.88706364	0.041257323	1	spring_20_sand	29-05-19	-1.38629436111989	-5.29831736654804	-0.62548853208613	-2.20727491318972	-0.438504962186365	-1.40649706843741	-0.445308464463499	sand	spring_20_sand	-0.242071561199729	0.785
spring_21_eelgrass	C21EW	spring	21	EW	0.175	0.01	0.265	0.005	1.44	0.165	0.143653765	54.91905585	11.49217673	12.03899007	12.9380064	101.3591766	-5.02279716	0.033063575	-36.91272585	0.052045173	1	spring_21_eelgrass	30-05-19	-1.74296930505862	-4.60517018598809	-1.32802545299591	-5.29831736654804	0.364643113587909	-1.80180980508156	-1.94034928436323	eelgrass	spring_21_eelgrass	-0.82098055206983	0.44
spring_21_rocks	C21RW	spring	21	RW	0.86	0.045	1.3	0.355	4.15	0.815	0.547806275	54.8378707	11.4936118	12.4746108	14.64352894	23.04973602	-4.525508948	0.013266499	-33.70015156	0.074273593	1	spring_21_rocks	30-05-19	-0.150822889734584	-3.10109278921182	0.262364264467491	-1.03563748950672	1.42310833424261	-0.204567165741274	-0.601833567308215	rocks	spring_21_rocks	0.770108221696074	2.16
spring_21_sand	C21SW	spring	21	SW	0.1	0.005	0.37	0.07	2.325	0.095	0.187062738	54.84748884	11.47969321	12.63206979	13.81730556	107.0721626	-4.206049735	0.010222524	-32.91581313	0.045120579	1	spring_21_sand	30-05-19	-2.30258509299405	-5.29831736654804	-0.994252273343867	-2.65926003693278	0.84372003903932	-2.3538783873816	-1.67631122106799	sand	spring_21_sand	-0.755022584278033	0.47
spring_23_rocks	C23RW	spring	23	RW	0.17	0.01	0.065	0.37	2.735	0.16	4.400726875	54.955125	12.4624129	8.433276394	17.10715294	49.64389801	-5.86235839	0.016931233	-43.71657452	0.038259204	1	spring_23_rocks	27-06-19	-1.77195684193188	-4.60517018598809	-2.7333680090865	-0.994252273343867	1.00613143587394	-1.83258146374831	1.48176972614402	rocks	spring_23_rocks	-1.44816976483798	0.235
spring_23_sand	C23SW	spring	23	SW	0.265	0.065	0.08	0.245	8.255	0.2	1.246840432	54.95019802	12.47570698	8.7281692	13.1826601	89.25056458	-5.96653704	0.013416408	-44.01176281	0.033386624	1	spring_23_sand	27-06-19	-1.32802545299591	-2.7333680090865	-2.52572864430826	-1.40649706843741	2.11081907737209	-1.6094379124341	0.220612697002509	sand	spring_23_sand	-1.06421086195078	0.345
spring_24_eelgrass	C24EW	spring	24	EW	0.2	0.015	0.105	0.625	11.805	0.185	3.05355184	55.13308773	12.08769028	9.535089381	23.0759697	78.77845764	-5.313504319	0.017955965	-40.2276881	0.070136058	1	spring_24_eelgrass	26-06-19	-1.6094379124341	-4.19970507787993	-2.25379492882461	-0.470003629245736	2.46852317053748	-1.68739945390381	1.11630545077617	eelgrass	spring_24_eelgrass	-1.18744350237473	0.305
spring_24_rocks	C24RW	spring	24	RW	0.6	0.045	1.325	1.14	20.76	0.555	10.97880295	55.1701609	12.0908908	9.733554073	28.86234474	24.05424118	-4.821752051	0.020141996	-36.62985102	0.060041652	1	spring_24_rocks	26-06-19	-0.510825623765991	-3.10109278921182	0.281412459438185	0.131028262406404	3.03302805829769	-0.588787165235702	2.39596640919099	rocks	spring_24_rocks	0.654925967739747	1.925
spring_24_sand	C24SW	spring	24	SW	0.09	0.015	0.05	0.785	15.315	0.075	3.861856861	55.135901	12.10739352	9.347527988	23.26045227	69.57788467	-5.075224172	0.029181044	-38.58167031	0.090439667	1	spring_24_sand	26-06-19	-2.40794560865187	-4.19970507787993	-2.99573227355399	-0.242071561199729	2.72883274028474	-2.59026716544583	1.35114811988082	sand	spring_24_sand	-1.96611285637283	0.14
spring_25_eelgrass	C25EW	spring	25	EW	0.175	0.005	0.16	0.16	5.35	0.19	0.621047691	55.56489727	12.28239716	10.81097971	15.56078339	98.34327698	-5.405256521	0.022310685	-40.0101845	0.061673333	1	spring_25_eelgrass	04-06-19	-1.74296930505862	-5.29831736654804	-1.83258146374831	-1.83258146374831	1.67709656090792	-1.66073120682165	-0.476347402895955	eelgrass	spring_25_eelgrass	-1.09362474715707	0.335
spring_25_rocks	C25RW	spring	25	RW	1.41	0.155	2.32	0.76	4.075	1.255	0.674186262	55.56748637	12.28656134	11.06717261	15.97712803	30.397892	-5.427363711	0.01948076	-39.89870518	0.08973238	1	spring_25_rocks	04-06-19	0.343589704390077	-1.86433016206289	0.841567185678219	-0.27443684570176	1.40487074669283	0.227135572583747	-0.394248853132592	rocks	spring_25_rocks	1.31640823365572	3.73
spring_25_sand	C25SW	spring	25	SW	0.375	0.005	0.115	0.17	3.53	0.37	0.285750793	55.56931596	12.28888679	11.03499632	15.905406	107.7580452	-5.263704517	0.023676289	-39.48708153	0.031107877	1	spring_25_sand	04-06-19	-0.980829253011726	-5.29831736654804	-2.16282315061889	-1.77195684193188	1.26129787094521	-0.994252273343867	-1.25263520115796	sand	spring_25_sand	-0.713349887877465	0.49
spring_26_eelgrass	C26EW	spring	26	EW	0.155	0.005	0.085	0.14	5.86	0.15	0.51487533	55.74929873	12.59476462	9.755808409	15.062994	106.0149193	-5.488570929	0.018821973	-41.04299294	0.018506756	1	spring_26_eelgrass	10-06-19	-1.86433016206289	-5.29831736654804	-2.46510402249182	-1.96611285637283	1.76814960358892	-1.89711998488588	-0.663830485293833	eelgrass	spring_26_eelgrass	-1.42711635564015	0.24
spring_26_rocks	C26RW	spring	26	RW	0.67	0.04	0.645	0.195	4.875	0.63	0.435541689	55.75903234	12.60278652	9.595072972	14.94655704	98.50435257	-5.385624017	0.020412415	-40.85152845	0.07281964	1	spring_26_rocks	10-06-19	-0.400477566597125	-3.2188758248682	-0.438504962186365	-1.63475572041839	1.58412010444981	-0.462035459596559	-0.831164760520231	rocks	spring_26_rocks	0.273836665629728	1.315
spring_26_sand	C26SW	spring	26	SW	0.095	0.005	0.095	0.165	5.62	0.11	0.516372191	55.75146986	12.59356584	9.743237106	15.15858269	94.32621002	-5.569575631	0.026932632	-41.58955823	0.071993518	1	spring_26_sand	10-06-19	-2.3538783873816	-5.29831736654804	-2.3538783873816	-1.80180980508156	1.7263316639056	-2.20727491318972	-0.660927473125078	sand	spring_26_sand	-1.66073120682165	0.19
spring_27_eelgrass	C27EW	spring	27	EW	0.29	0.015	0.38	0.145	5	0.275	0.601693276	56.04229589	12.61937113	14.09675687	16.66413498	98.55337143	-4.563779735	0.02228602	-33.8809145	0.084651442	1	spring_27_eelgrass	06-06-19	-1.23787435600162	-4.19970507787993	-0.967584026261706	-1.93102153656156	1.6094379124341	-1.29098418131557	-0.508007471822427	eelgrass	spring_27_eelgrass	-0.400477566597125	0.67
spring_27_rocks	C27RW	spring	27	RW	0.15	0.01	1.355	0.405	3.44	0.14	1.360601879	56.0411843	12.6181348	14.69614432	19.20914268	23.52437973	-4.377451647	0.023201293	-32.59756286	0.036249138	1	spring_27_rocks	06-06-19	-1.89711998488588	-4.60517018598809	0.303801454331664	-0.903868211875598	1.23547147138531	-1.96611285637283	0.307927159936248	rocks	spring_27_rocks	0.408792898200839	1.505
spring_27_sand	C27SW	spring	27	SW	0.41	0.005	0.215	0.11	4.705	0.42	0.56726547	56.04450606	12.60919503	15.65692675	15.92436028	100.0386238	-4.199751396	0.009924717	-31.09371907	0.039026487	2	spring_27_sand	06-06-19	-0.891598119283784	-5.29831736654804	-1.53711725085447	-2.20727491318972	1.54862577303734	-0.867500567704723	-0.5669278837681	sand	spring_27_sand	-0.470003629245736	0.625
spring_28_eelgrass	C28EW	spring	28	EW	0.245	0.04	0.83	0.11	1.79	0.205	1.409998297	55.95139329	11.8471504	17.92607826	15.70296288	99.2937088	-3.526780137	0.080548122	-25.84771721	0.118616047	2	spring_28_eelgrass	05-06-19	-1.40649706843741	-3.2188758248682	-0.186329578191493	-2.20727491318972	0.582215619852664	-1.58474529984373	0.343588496587929	eelgrass	spring_28_eelgrass	0.0723206615796261	1.075
spring_28_rocks	C28RW	spring	28	RW	0.7	0.04	5.345	0.165	1.2	0.66	0.709467279	55.96726649	11.8442571	18.01964237	16.07995796	100.8275032	-3.542542531	0.061303888	-26.06938399	0.095281163	2	spring_28_rocks	05-06-19	-0.356674943938732	-3.2188758248682	1.67616154447701	-1.80180980508156	0.182321556793955	-0.415515443961666	-0.34324090183876	rocks	spring_28_rocks	1.79923148406676	6.045
spring_28_sand	C28SW	spring	28	SW	0.34	0.015	3.12	0.065	1.165	0.325	0.496912996	55.96898158	11.84613189	17.90192191	15.15605164	101.358223	-3.381633377	0.019498718	-25.73633007	0.073645774	2	spring_28_sand	05-06-19	-1.07880966137193	-4.19970507787993	1.13783300182139	-2.7333680090865	0.152721087017664	-1.1239300966524	-0.69934032656011	sand	spring_28_sand	1.24126858906963	3.46
spring_29_eelgrass	C29EW	spring	29	EW	0.195	0.04	0.8	1.82	18.75	0.155	0.81424756	55.68531813	12.07090738	13.23808361	17.19640732	114.4195557	-3.824975086	0.022636254	-28.82481615	0.052426774	1	spring_29_eelgrass	03-06-19	-1.63475572041839	-3.2188758248682	-0.22314355131421	0.598836501088704	2.93119375241642	-1.86433016206289	-0.205490831452943	eelgrass	spring_29_eelgrass	-0.00501254182354418	0.995
spring_29_rocks	C29RW	spring	29	RW	1.52	0.065	1.64	1.92	13.705	1.455	2.15543515	55.67983516	12.06896049	13.37663882	17.30082321	96.91457748	-3.837874027	0.035535897	-28.69817604	0.100724211	1	spring_29_rocks	03-06-19	0.418710334858185	-2.7333680090865	0.494696241836107	0.65232518603969	2.61776072975475	0.375005900623456	0.76799262892551	rocks	spring_29_rocks	1.15057202759882	3.16
spring_29_sand	C29SW	spring	29	SW	0.335	0.03	5.16	1.9	16.91	0.305	1.601596524	55.68356509	12.07310664	13.32841753	17.84535599	43.29786301	-3.730529818	0.093784149	-28.14593688	0.205598395	1	spring_29_sand	03-06-19	-1.09362474715707	-3.50655789731998	1.64093657949347	0.641853886172395	2.82790516291049	-1.18744350237473	0.471000959246794	sand	spring_29_sand	1.70383858785558	5.495
spring_30_eelgrass	C30EW	spring	30	EW	0.16	0.005	0.285	0.165	0.13	0.17	0.784310337	55.75904756	11.31756065	13.50357744	19.84371376	99.6172905	-4.803640901	0.126414662	-34.47296479	0.118530024	1	spring_30_eelgrass	24-06-19	-1.83258146374831	-5.29831736654804	-1.25526609871349	-1.80180980508156	-2.04022082852655	-1.77195684193188	-0.242950498944722	eelgrass	spring_30_eelgrass	-0.809680996815897	0.445
spring_30_rocks	C30RW	spring	30	RW	0.355	0.03	0.365	0.185	0.44	0.325	1.173494236	55.75466545	11.32239182	13.4518497	20.12608719	100.7276535	-4.838038078	0.038600518	-34.9012083	0.052435675	1	spring_30_rocks	24-06-19	-1.03563748950672	-3.50655789731998	-1.00785792539965	-1.68739945390381	-0.82098055206983	-1.1239300966524	0.159985824494577	rocks	spring_30_rocks	-0.328504066972036	0.72
spring_30_sand	C30SW	spring	30	SW	0.24	0.005	0.4	0.24	0.085	0.245	0.809756976	55.75885483	11.34937786	13.55830711	19.64048004	101.4157295	-4.651168802	0.033755987	-34.46596626	0.050384191	1	spring_30_sand	24-06-19	-1.42711635564015	-5.29831736654804	-0.916290731874155	-1.42711635564015	-2.46510402249182	-1.40649706843741	-0.211021105963176	sand	spring_30_sand	-0.446287102628419	0.64
spring_31_eelgrass	C31EW	spring	31	EW	0.225	0.005	0.285	0.19	2.985	0.23	0.604686999	55.34659324	11.10107746	11.21605006	18.86519623	104.9042702	-5.230562778	0.011081516	-38.66575202	0.053682089	1	spring_31_eelgrass	25-06-19	-1.49165487677772	-5.29831736654804	-1.25526609871349	-1.66073120682165	1.09359974684457	-1.46967597005894	-0.503044311851411	eelgrass	spring_31_eelgrass	-0.673344553263766	0.51
spring_31_rocks	C31RW	spring	31	RW	0.415	0.005	0.51	0.2	0.355	0.415	1.781219862	55.32808218	11.12842404	11.15588216	20.00775909	42.29545593	-4.982690175	0.04143871	-37.85470139	0.078609054	1	spring_31_rocks	25-06-19	-0.879476758751439	-5.29831736654804	-0.673344553263766	-1.6094379124341	-1.03563748950672	-0.879476758751439	0.577298445312739	rocks	spring_31_rocks	-0.0779615414697118	0.925
spring_31_sand	C31SW	spring	31	SW	0.305	0.005	0.305	0.275	2.635	0.3	0.583730943	55.3475465	11.10117661	11.19790007	19.03575897	100.2503395	-5.263041651	0.033850652	-39.00951325	0.042921634	1	spring_31_sand	25-06-19	-1.18744350237473	-5.29831736654804	-1.18744350237473	-1.29098418131557	0.968883181993326	-1.20397280432594	-0.538315116356328	sand	spring_31_sand	-0.49429632181478	0.61
spring_32_rocks	C32RW	spring	32	RW	0.405	0.005	0.55	0.625	3.68	0.405	1.495319383	55.2521937	14.8263621	7.619033368	14.45507145	37.37735748	-5.651828966	0.057045304	-43.70469511	0.167202173	1	spring_32_rocks	13-06-19	-0.903868211875598	-5.29831736654804	-0.59783700075562	-0.470003629245736	1.30291275218084	-0.903868211875598	0.402339818139844	rocks	spring_32_rocks	-0.0460439385014067	0.955
spring_32_sand	C32SW	spring	32	SW	0.53	0.005	2.965	0.365	8.11	0.53	1.447419826	55.2571398	14.8194941	7.621165939	14.23378658	43.61572266	-5.88364609	0.016452963	-44.92410601	0.107853141	1	spring_32_sand	13-06-19	-0.63487827243597	-5.29831736654804	1.08687703244969	-1.00785792539965	2.09309786812732	-0.63487827243597	0.369782541020856	sand	spring_32_sand	1.25133337568577	3.495
spring_33_rocks	C33RW	spring	33	RW	0.165	0.005	0.36	0.44	1.16	0.165	0.924970379	55.02243003	14.90372037	7.587817462	18.72673798	20.45888901	-5.648920333	0.049207892	-43.69180346	0.168331122	1	spring_33_rocks	11-06-19	-1.80180980508156	-5.29831736654804	-1.02165124753198	-0.82098055206983	0.148420005118273	-1.80180980508156	-0.0779935646851522	rocks	spring_33_rocks	-0.644357016390513	0.525
spring_33_sand	C33SW	spring	33	SW	0.13	0.005	0.44	0.16	5.39	0.13	0.228929944	55.02055438	14.91194958	7.662561211	15.51673889	98.76651764	-6.056496823	0.022509998	-45.69113354	0.133500062	1	spring_33_sand	11-06-19	-2.04022082852655	-5.29831736654804	-0.82098055206983	-1.83258146374831	1.68454538492091	-2.04022082852655	-1.47433924362877	sand	spring_33_sand	-0.562118918153541	0.57
spring_3_rocks	C3RW	spring	3	RW	0.82	0.15	5.27	0.305	3.115	0.67	5.538244052	55.9967104	8.1173628	31.43626189	18.05178833	22.15051651	-0.252286911	0.030504098	-0.742037526	0.059880715	3	spring_3_rocks	19-06-19	-0.198450938723838	-1.89711998488588	1.66203036255327	-1.18744350237473	1.13622915223942	-0.400477566597125	1.71167749239461	rocks	spring_3_rocks	1.80664808172181	6.09
spring_3_sand	C3SW	spring	3	SW	1.2	0.165	4.165	0.155	3.795	1.035	2.641817728	55.98988942	8.12051726	31.42265521	17.25178528	97.65481949	-0.213254888	0.083596053	-0.800131587	0.273806501	3	spring_3_sand	19-06-19	0.182321556793955	-1.80180980508156	1.42671627561881	-1.86433016206289	1.33368441084759	0.0344014267173323	0.971467213561233	sand	spring_3_sand	1.67989637608266	5.365
spring_4_rocks	C4RW	spring	4	RW	4.64	0.5	4.295	0.745	4.995	4.14	5.014365103	57.1265072	8.6208932	32.34246696	15.91403008	44.09265518	-0.03357583	0.118931353	1.048497296	0.222190909	3	spring_4_rocks	20-06-19	1.53471436623816	-0.693147180559945	1.45745155543622	-0.294371060602578	1.60843741210052	1.42069578783722	1.6123068137983	rocks	spring_4_rocks	2.18997614861139	8.935
spring_4_sand	C4SW	spring	4	SW	1.72	0.195	5.255	0.235	2.945	1.525	0.706398714	57.1264403	8.6151892	32.36683029	15.48829651	98.76451492	0.103118596	0.135690334	1.393202034	0.360133124	3	spring_4_sand	20-06-19	0.542324290825362	-1.63475572041839	1.65918000432891	-1.44816976483798	1.08010881710355	0.421994410059375	-0.347575450192345	sand	spring_4_sand	1.94233232770743	6.975
spring_5_rocks	C5RW	spring	5	RW	0.87	0.045	1.005	0.17	1.085	0.825	4.454515083	57.59591614	9.95747873	32.84884595	10.16619873	82.63292313	0.088955077	0.125139389	1.464571886	0.192233625	3	spring_5_rocks	09-05-19	-0.139262067333508	-3.10109278921182	0.00498754151103897	-1.77195684193188	0.0815799869924228	-0.192371892647456	1.49391820718697	rocks	spring_5_rocks	0.628608659422374	1.875
spring_5_sand	C5SW	spring	5	SW	0.6	0.04	0.75	0.13	1.605	0.56	0.707895575	57.5921291	9.94725756	32.72651332	9.203084946	100.0817299	0.191558243	0.076177206	1.353274844	0.156469379	3	spring_5_sand	09-05-19	-0.510825623765991	-3.2188758248682	-0.287682072451781	-2.04022082852655	0.473123756581979	-0.579818495252942	-0.345458689104423	sand	spring_5_sand	0.300104592450338	1.35
spring_6_rocks	C6RW	spring	6	RW	2.47	0.08	1.015	0.57	6.615	2.39	1.58655307	57.338797	10.5260316	25.9777931	11.06990814	41.71066284	-1.56401808	0.017736027	-11.69087922	0.062048368	3	spring_6_rocks	08-05-19	0.904218150639886	-2.52572864430826	0.0148886124937506	-0.562118918153541	1.88933979756692	0.871293365943419	0.461563782474393	rocks	spring_6_rocks	1.24846804421249	3.485
spring_6_sand	C6SW	spring	6	SW	0.225	0.015	1.075	0.115	2.075	0.21	1.796203443	57.31914996	10.53214435	26.00193447	8.911482811	99.45259094	-1.542978737	0.051456454	-10.9995322	0.056980698	3	spring_6_sand	08-05-19	-1.49165487677772	-4.19970507787993	0.0723206615796261	-2.16282315061889	0.729961153682662	-1.56064774826467	0.585675239077282	sand	spring_6_sand	0.262364264467491	1.3
spring_7_rocks	C7RW	spring	7	RW	0.45	0.04	1.06	0.13	2.63	0.41	0.525256062	57.3214171	11.1282307	19.59797498	9.922463417	79.72812653	-3.255882879	0.031404883	-23.97033501	0.011354148	2	spring_7_rocks	07-05-19	-0.798507696217772	-3.2188758248682	0.0582689081239758	-2.04022082852655	0.966983846189673	-0.891598119283784	-0.643869398152755	rocks	spring_7_rocks	0.412109650826833	1.51
spring_7_sand	C7SW	spring	7	SW	0.07	0.01	0.565	0.07	3.105	0.06	0.385299544	57.32297997	11.13292171	19.59797498	9.922463417	79.72812653	-3.009328058	0.046503405	-22.49234079	0.13647454	2	spring_7_sand	07-05-19	-2.65926003693278	-4.60517018598809	-0.570929547835696	-2.65926003693278	1.13301371538544	-2.81341071676004	-0.953734210844107	sand	spring_7_sand	-0.454130280089445	0.635
spring_8_eelgrass	C8EW	spring	8	EW	0.105	0.005	0.76	0.19	1.8	0.105	4.894706023	57.05959471	9.87131989	26.08535954	10.2158289	35.31389236	-1.47195223	0.029341381	-9.316529465	0.078155614	3	spring_8_eelgrass	06-05-19	-2.25379492882461	-5.29831736654804	-0.27443684570176	-1.66073120682165	0.587786664902119	-2.25379492882461	1.58815421759065	eelgrass	spring_8_eelgrass	-0.145025772050258	0.865
spring_8_rocks	C8RW	spring	8	RW	1.825	0.07	2.04	0.16	3.81	1.755	2.439763925	57.0550982	9.8705184	26.19450137	9.756940842	22.20258713	-1.370044005	0.00838451	-9.848406741	0.036669697	3	spring_8_rocks	16-05-19	0.601579987034455	-2.65926003693278	0.712949807856125	-1.83258146374831	1.33762918913861	0.562468856917829	0.891901282575149	rocks	spring_8_rocks	1.35196168203939	3.865
spring_8_sand	C8SW	spring	8	SW	1.095	0.01	0.78	0.005	3.715	1.085	0.917839332	57.01030036	9.63479997	26.23377627	13.06766129	104.1656494	-1.682010993	0.029170476	-10.31652407	0.051778374	3	spring_8_sand	06-05-19	0.0907543632684641	-4.60517018598809	-0.2484613592985	-5.29831736654804	1.31237867816972	0.0815799869924228	-0.0857329232872086	sand	spring_8_sand	0.628608659422374	1.875
spring_9_eelgrass	C9EW	spring	9	EW	7.165	0.445	2.515	0.16	7.3	6.72	1.277086008	56.71051209	9.20700727	23.93778546	12.35728073	99.99198914	-1.944534905	0.031491269	-12.60794923	0.073502154	2	spring_9_eelgrass	14-05-19	1.96920806128014	-0.809680996815897	0.922272803551703	-1.83258146374831	1.98787434815435	1.90508815453506	0.24458092638771	eelgrass	spring_9_eelgrass	2.27006190128849	9.68
spring_9_rocks	C9RW	spring	9	RW	8.84	0.66	4.66	0.605	8.8	8.18	0.889105586	56.706257	9.2016147	24.04327571	12.85373688	51.02157593	-1.738241346	0.036905284	-12.05184117	0.069723262	2	spring_9_rocks	14-05-19	2.17928687664955	-0.415515443961666	1.53901544813755	-0.502526820951296	2.17475172148416	2.10169215061466	-0.117539281116935	rocks	spring_9_rocks	2.60268968544438	13.5
spring_9_sand	C9SW	spring	9	SW	9.595	0.585	1.425	0.165	9.815	9.01	0.401128851	56.71280751	9.2091164	23.86543664	11.87744999	96.18291855	-2.071164668	0.020868637	-12.89558558	0.13874497	2	spring_9_sand	14-05-19	2.26124212945966	-0.536143431750281	0.354171813720614	-1.80180980508156	2.28391182772842	2.19833507162025	-0.913472579099603	sand	spring_9_sand	2.39971180372477	11.02
