"","sediment_33","sediment_32","sediment_23","sediment_24","sediment_25","sediment_26","sediment_27","sediment_21","sediment_20","sediment_31","sediment_28","sediment_19","sediment_29","sediment_16","sediment_30","sediment_13","sediment_18","sediment_15","sediment_14","sediment_17","sediment_12","sediment_11","sediment_7","sediment_6","sediment_8","sediment_5","sediment_9","sediment_10","sediment_4","sediment_3","sediment_1"
"sediment_33",0,0.295952743550695,0.0567021680691919,0.25035765379113,0.00766283524904225,0.555555555555556,0.169634489222118,0,0.0794899417986194,0.150916380297824,0.16421733032502,0.410967994089138,0,0.0250896057347672,0.176664322630149,0.364797544246933,0.324719300581369,0.163719838894432,0.278881465421884,0.295952743550695,0.395400126023944,0.290800252047889,0.154719235364397,0.273142598364368,0.333333333333333,0.0120274914089347,0.0501792114695344,0.209161099066413,0.13490364025696,0.13490364025696,0
"sediment_32",0.295952743550695,0,0.4462513398891,0.393991053431112,0.357537008424135,0.410295411642083,0.286614490342516,0.26539937076827,0.341903782944863,0.262358057543656,0.359237255632124,0.379495990836197,0.155696267059007,0.523098902824249,0.102215834358691,0.445227107228069,0.527752109331642,0.464482899660991,0.540039948615746,0.435216108017207,0.185245345245721,0.512027491408935,0.362934362934363,0.442998221594013,0.575862068965517,0,0.460689655172414,0.29248137978738,NA,NA,0.263157894736842
"sediment_23",0.0567021680691919,0.4462513398891,0,0.340962128804499,0.0602283477420337,0.390159611157199,0.205680926858942,0.181419326872819,0.208485323962578,0.365021653210273,0.26440653838583,0.369330441488263,0.28171057807758,0.361110145681487,0.25422095379713,0.367290991294633,0.216060039066729,0.346717869857531,0.366061445705001,0.446553982349323,0.168809521825711,0.150018239299611,0.277777777777778,0.294292630490705,0.428571428571429,0.00801832760595649,0.307219662058372,0.292732184248785,0.0674518201284799,0.13490364025696,0.21505376344086
"sediment_24",0.25035765379113,0.393991053431112,0.340962128804499,0,0.230252955596835,0.21672938524757,0.1941055683853,0.189399931784676,0.160265859810614,0.497541092615781,0.403569779966149,0.333840774096701,0.094461916877732,0.291676753725647,0.191881774540654,0.389555555555556,0.324244751664107,0.418532825661751,0.528350515463918,0.282873068516455,0.457546675063737,0.219848132136127,0.0704079057215522,0.332503795814244,0.644474961170559,NA,0.275272460855672,0.733404980827661,NA,0.857484314311323,0.573020629807607
"sediment_25",0.00766283524904225,0.357537008424135,0.0602283477420337,0.230252955596835,0,0.223993063072132,0.0934691502518425,0.160923586261575,0.118715288232987,0.323544517341587,0.219013787726923,0.248917969948321,0.133303656525258,0.244294177782705,0.19857589326678,0.376872395094209,0.151653918242262,0.275550635015252,0.282986721264038,0.332252926506957,0.132043841286218,0.0741872584487244,0.277777777777778,0.245230807917115,0.486119879753887,0.00801832760595649,0.341673443570977,0.271875230769495,0.0449678800856533,0.410693370281732,0.224549144020472
"sediment_26",0.555555555555556,0.410295411642083,0.390159611157199,0.21672938524757,0.223993063072132,0,0.186513009347574,0.226450268867494,0.242177655728231,0.434064125173673,0.329838714558915,0.267086560556404,0.138116438310159,0.179622970043775,0.17356146754,0.477054883417899,0.233285019619015,0.291811452985978,0.425482055628014,0.270224077689095,0.0194950985904446,0.0764148400483505,0.00962199312714778,0.302437601227278,0.575791388720437,0.0240549828178695,0.369902032945511,0.310212250351925,0.0120274914089347,1,0.40913487899126
"sediment_27",0.169634489222118,0.286614490342516,0.205680926858942,0.1941055683853,0.0934691502518425,0.186513009347574,0,0.183836438294889,0.158668603697491,0.194830029717419,0.0872451361719295,0.130437157470557,0.170925549855534,0.0611582811535795,0.108007731507602,0.28854380402562,0.0858230321114339,0.0812162883929182,0.186665784954366,0.0372977893015116,0.0759501132414936,0.103983031078268,0.086722883012923,0.209983968608539,0.174588164605931,0.0273884563094799,0.104641147834219,0.157877641399313,0.0210940713320409,0.291542542001253,0.180642199830131
"sediment_21",0,0.26539937076827,0.181419326872819,0.189399931784676,0.160923586261575,0.226450268867494,0.183836438294889,0,0.033119807977788,0.34964538908832,0.151780460167644,0.232888362409979,0.176241992980051,0.260096937812551,0.171764710786515,0.389777753273354,0.190246686890667,0.324635356085938,0.411001303471975,0.263303317883265,0.101681195788451,0.00481099656357389,0.059202059202059,0.310401740533885,0.341509587031451,0,0.296270712931624,0.277682984697444,0,NA,0.166666666666667
"sediment_20",0.0794899417986194,0.341903782944863,0.208485323962578,0.160265859810614,0.118715288232987,0.242177655728231,0.158668603697491,0.033119807977788,0,0.399759742964843,0.249095052172624,0.256966608515584,0.13345882922505,0.166740589757908,0.121932397062096,0.320287947849264,0.207588600554971,0.272337062691254,0.503239700082936,0.220434174531403,0.199946158300247,0.149356054628236,0,0.223405694146937,0.531381448045648,0,0.178194530788301,0.346953126389082,0.0972222222222222,NA,0.166666666666667
"sediment_31",0.150916380297824,0.262358057543656,0.365021653210273,0.497541092615781,0.323544517341587,0.434064125173673,0.194830029717419,0.34964538908832,0.399759742964843,0,0.214935404570674,0.216952439766612,0.347959389484122,0.282713955247058,0.135691410524644,0.204645292551345,0.268101987650553,0.205775537478693,0.266099259453737,0.217623119665407,0.0181905161036772,0.256124598159849,0.221521795465484,0.274222372324582,0.17244585749643,0.0103171781806691,0.197549129250719,0.189053521156685,0.00303582270795392,0.00910746812386176,0.214432989690722
"sediment_28",0.16421733032502,0.359237255632124,0.26440653838583,0.403569779966149,0.219013787726923,0.329838714558915,0.0872451361719295,0.151780460167644,0.249095052172624,0.214935404570674,0,0.105699870615069,0.214105332785137,0.265728206408001,0.134373280363641,0.361562385328946,0.0945219889623391,0.108536961318202,0.236601472475638,0.178932051641974,0.00229885057471266,0.00481099656357389,0.0648148148148148,0.308915805393412,0.333333333333333,0.00801832760595649,0.167798945318068,0.172438369815795,0.0674518201284799,0.13490364025696,0.00662482566248397
"sediment_19",0.410967994089138,0.379495990836197,0.369330441488263,0.333840774096701,0.248917969948321,0.267086560556404,0.130437157470557,0.232888362409979,0.256966608515584,0.216952439766612,0.105699870615069,0,0.339743000017231,0.129719737533551,0.0761498864211746,0.198501296949088,0.054373974602756,0.0513543193208937,0.176846179688857,0.0435744607239803,0.101653897433009,0.0206545211441042,0.155528304326941,0.201017525007273,0.210107755525096,0.201030927835052,0.134244833007829,0.102198914347747,0.0397396557687073,0.105086228730631,0.319413153613033
"sediment_29",0,0.155696267059007,0.28171057807758,0.094461916877732,0.133303656525258,0.138116438310159,0.170925549855534,0.176241992980051,0.13345882922505,0.347959389484122,0.214105332785137,0.339743000017231,0,0.126639575973013,0.0892509553080442,0.300408540681293,0.212914388567306,0.348004364023596,0.234723123172577,0.232839135996256,0.218948291228322,0.114789485763231,0.00801832760595649,0.18118336807897,0.26396132336096,0.0120274914089347,0.180206386456758,0.354468172684878,0.225025237464532,NA,0.289739655768707
"sediment_16",0.0250896057347672,0.523098902824249,0.361110145681487,0.291676753725647,0.244294177782705,0.179622970043775,0.0611582811535795,0.260096937812551,0.166740589757908,0.282713955247058,0.265728206408001,0.129719737533551,0.126639575973013,0,0.117191559247075,0.265766032150385,0.0586996837390781,0.0598231095446504,0.215415115697112,0.15588475049166,0.108647419676493,0.1114200576488,0.0730618338586356,0.187765003766425,0.317569642465453,0.0548833423765598,0.249265871180055,0.360347495647765,0.0645706057742501,0.105086228730631,0.330771409920063
"sediment_30",0.176664322630149,0.102215834358691,0.25422095379713,0.191881774540654,0.19857589326678,0.17356146754,0.108007731507602,0.171764710786515,0.121932397062096,0.135691410524644,0.134373280363641,0.0761498864211746,0.0892509553080442,0.117191559247075,0,0.182788250924295,0.14099764471458,0.128975439291467,0.240589986812209,0.130806430946276,0.0648124991350799,0.119478073286868,0.0919787279516974,0.179801085295199,0.228627532186705,0.0923099925427827,0.135135135135135,0.162586014467482,0.0496619000110856,0.0376344086021508,0.45000158689854
"sediment_13",0.364797544246933,0.445227107228069,0.367290991294633,0.389555555555556,0.376872395094209,0.477054883417899,0.28854380402562,0.389777753273354,0.320287947849264,0.204645292551345,0.361562385328946,0.198501296949088,0.300408540681293,0.265766032150385,0.182788250924295,0,0.142380768329392,0.166100493721679,0.297929277906813,0.22508398714509,0.181837149246194,0.207813284252941,0.297836342129466,0.121948237372739,0.321949504277505,0.130975600047765,0.285918303178038,0.316412185274514,0.073194005802378,0.345738827539498,0.240912229896949
"sediment_18",0.324719300581369,0.527752109331642,0.216060039066729,0.324244751664107,0.151653918242262,0.233285019619015,0.0858230321114339,0.190246686890667,0.207588600554971,0.268101987650553,0.0945219889623391,0.054373974602756,0.212914388567306,0.0586996837390781,0.14099764471458,0.142380768329392,0,0.0525046847961007,0.147804089308854,0.0666462638444146,0.0887836364056041,0.0695489111421308,0.128355686422389,0.0734735352959497,0.102111452668236,0.0624427815149464,0.183094498430323,0.0682267658987269,0.129806514972839,0.105086228730631,0.270279329640819
"sediment_15",0.163719838894432,0.464482899660991,0.346717869857531,0.418532825661751,0.275550635015252,0.291811452985978,0.0812162883929182,0.324635356085938,0.272337062691254,0.205775537478693,0.108536961318202,0.0513543193208937,0.348004364023596,0.0598231095446504,0.128975439291467,0.166100493721679,0.0525046847961007,0,0.0995924459798664,0.0476117819111858,0.0751484197203712,0.0321275515926613,0.0733471556350926,0.175909434523061,0.194340483778355,0.0180412371134021,0.236928313945273,0.169133322156967,0.0449678800856533,0.273850841845882,0.218643354742457
"sediment_14",0.278881465421884,0.540039948615746,0.366061445705001,0.528350515463918,0.282986721264038,0.425482055628014,0.186665784954366,0.411001303471975,0.503239700082936,0.266099259453737,0.236601472475638,0.176846179688857,0.234723123172577,0.215415115697112,0.240589986812209,0.297929277906813,0.147804089308854,0.0995924459798664,0,0.160218794368075,0.0689671630393281,0.195819712356428,0.202510167633547,0.180287492109907,0.250362733867889,0.0240549828178695,0.274830950005543,0.147278790648858,0.0701660381244524,0.105086228730631,0.203559749473451
"sediment_17",0.295952743550695,0.435216108017207,0.446553982349323,0.282873068516455,0.332252926506957,0.270224077689095,0.0372977893015116,0.263303317883265,0.220434174531403,0.217623119665407,0.178932051641974,0.0435744607239803,0.232839135996256,0.15588475049166,0.130806430946276,0.22508398714509,0.0666462638444146,0.0476117819111858,0.160218794368075,0,0.0401873320005448,0.108546558717192,0.151109556905141,0.197474447305414,0.225751119336316,0.0411262609466802,0.249670451189736,0.13408806398717,0.078075813426377,0.105086228730631,0.267452436863725
"sediment_12",0.395400126023944,0.185245345245721,0.168809521825711,0.457546675063737,0.132043841286218,0.0194950985904446,0.0759501132414936,0.101681195788451,0.199946158300247,0.0181905161036772,0.00229885057471266,0.101653897433009,0.218948291228322,0.108647419676493,0.0648124991350799,0.181837149246194,0.0887836364056041,0.0751484197203712,0.0689671630393281,0.0401873320005448,0,0.0106856642472898,0,0.165707345413519,0.163524932796563,0,0.146270694657792,0.094191131403701,0.00801832760595649,NA,0.0673129601362013
"sediment_11",0.290800252047889,0.512027491408935,0.150018239299611,0.219848132136127,0.0741872584487244,0.0764148400483505,0.103983031078268,0.00481099656357389,0.149356054628236,0.256124598159849,0.00481099656357389,0.0206545211441042,0.114789485763231,0.1114200576488,0.119478073286868,0.207813284252941,0.0695489111421308,0.0321275515926613,0.195819712356428,0.108546558717192,0.0106856642472898,0,0.164477235561372,0.15025918947624,0.162136579145914,0.0120274914089347,0.031929020506493,0.00400916380297824,0.0337259100642399,0.13490364025696,0.00481099656357389
"sediment_7",0.154719235364397,0.362934362934363,0.277777777777778,0.0704079057215522,0.277777777777778,0.00962199312714778,0.086722883012923,0.059202059202059,0,0.221521795465484,0.0648148148148148,0.155528304326941,0.00801832760595649,0.0730618338586356,0.0919787279516974,0.297836342129466,0.128355686422389,0.0733471556350926,0.202510167633547,0.151109556905141,0,0.164477235561372,0,0.0649715986136285,0.0777777777777778,0.0759952175212632,0.176443170280467,0.124918112064627,0.0189902822195293,0.0164579319203592,0.279040404040404
"sediment_6",0.273142598364368,0.442998221594013,0.294292630490705,0.332503795814244,0.245230807917115,0.302437601227278,0.209983968608539,0.310401740533885,0.223405694146937,0.274222372324582,0.308915805393412,0.201017525007273,0.18118336807897,0.187765003766425,0.179801085295199,0.121948237372739,0.0734735352959497,0.175909434523061,0.180287492109907,0.197474447305414,0.165707345413519,0.15025918947624,0.0649715986136285,0,0.0458235422071114,0.0260550669128357,0.0706024567015589,0.123450344711031,0.245521379077235,0.32320239841681,0.180834625486017
"sediment_8",0.333333333333333,0.575862068965517,0.428571428571429,0.644474961170559,0.486119879753887,0.575791388720437,0.174588164605931,0.341509587031451,0.531381448045648,0.17244585749643,0.333333333333333,0.210107755525096,0.26396132336096,0.317569642465453,0.228627532186705,0.321949504277505,0.102111452668236,0.194340483778355,0.250362733867889,0.225751119336316,0.163524932796563,0.162136579145914,0.0777777777777778,0.0458235422071114,0,0.00601374570446736,0.0746301424544073,0.130174083973244,0.0529862076916097,0.386079271108872,0.146989433526592
"sediment_5",0.0120274914089347,0,0.00801832760595649,NA,0.00801832760595649,0.0240549828178695,0.0273884563094799,0,0,0.0103171781806691,0.00801832760595649,0.201030927835052,0.0120274914089347,0.0548833423765598,0.0923099925427827,0.130975600047765,0.0624427815149464,0.0180412371134021,0.0240549828178695,0.0411262609466802,0,0.0120274914089347,0.0759952175212632,0.0260550669128357,0.00601374570446736,0,0.0343798324162982,0.0180412371134021,0.0336976320582878,0.0336976320582878,0.187831927522649
"sediment_9",0.0501792114695344,0.460689655172414,0.307219662058372,0.275272460855672,0.341673443570977,0.369902032945511,0.104641147834219,0.296270712931624,0.178194530788301,0.197549129250719,0.167798945318068,0.134244833007829,0.180206386456758,0.249265871180055,0.135135135135135,0.285918303178038,0.183094498430323,0.236928313945273,0.274830950005543,0.249670451189736,0.146270694657792,0.031929020506493,0.176443170280467,0.0706024567015589,0.0746301424544073,0.0343798324162982,0,0.153763581930368,0.283621878060143,0,0.0618992514966865
"sediment_10",0.209161099066413,0.29248137978738,0.292732184248785,0.733404980827661,0.271875230769495,0.310212250351925,0.157877641399313,0.277682984697444,0.346953126389082,0.189053521156685,0.172438369815795,0.102198914347747,0.354468172684878,0.360347495647765,0.162586014467482,0.316412185274514,0.0682267658987269,0.169133322156967,0.147278790648858,0.13408806398717,0.094191131403701,0.00400916380297824,0.124918112064627,0.123450344711031,0.130174083973244,0.0180412371134021,0.153763581930368,0,0.426980728051392,0.105086228730631,0.158036803015187
"sediment_4",0.13490364025696,NA,0.0674518201284799,NA,0.0449678800856533,0.0120274914089347,0.0210940713320409,0,0.0972222222222222,0.00303582270795392,0.0674518201284799,0.0397396557687073,0.225025237464532,0.0645706057742501,0.0496619000110856,0.073194005802378,0.129806514972839,0.0449678800856533,0.0701660381244524,0.078075813426377,0.00801832760595649,0.0337259100642399,0.0189902822195293,0.245521379077235,0.0529862076916097,0.0336976320582878,0.283621878060143,0.426980728051392,0,0,0.0674518201284799
"sediment_3",0.13490364025696,NA,0.13490364025696,0.857484314311323,0.410693370281732,1,0.291542542001253,NA,NA,0.00910746812386176,0.13490364025696,0.105086228730631,NA,0.105086228730631,0.0376344086021508,0.345738827539498,0.105086228730631,0.273850841845882,0.105086228730631,0.105086228730631,NA,0.13490364025696,0.0164579319203592,0.32320239841681,0.386079271108872,0.0336976320582878,0,0.105086228730631,0,0,0.34534460448059
"sediment_1",0,0.263157894736842,0.21505376344086,0.573020629807607,0.224549144020472,0.40913487899126,0.180642199830131,0.166666666666667,0.166666666666667,0.214432989690722,0.00662482566248397,0.319413153613033,0.289739655768707,0.330771409920063,0.45000158689854,0.240912229896949,0.270279329640819,0.218643354742457,0.203559749473451,0.267452436863725,0.0673129601362013,0.00481099656357389,0.279040404040404,0.180834625486017,0.146989433526592,0.187831927522649,0.0618992514966865,0.158036803015187,0.0674518201284799,0.34534460448059,0
