Sample_ID	d18O	SD_d18O	d12H	SD_d12H
C1SW	-0.282769637	0.066063522	-1.832532129	0.072687765
C6SW	-1.542978737	0.051456454	-10.9995322	0.056980698
2C10EW	-0.598283738	0.043027511	-3.20828598	0.086701788
2C11SW	-0.713287273	0.076923338	-4.475726666	0.201510298
2C11RW	-0.90043691	0.053943489	-5.367099222	0.211358227
2C12SW	-2.553647274	0.0256671	-17.10966915	0.046317383
2C12RW	-2.751260399	0.021033307	-18.45184449	0.080278889
2C13SW	-1.314543464	0.036382688	-8.988160269	0.185091059
2C13RW	-1.762698256	0.154343448	-12.4409049	0.350976163
2C14SW	-1.335032999	0.03032106	-9.402609901	0.032992423
2C14RW	-1.377733323	0.032688938	-9.179933013	0.108339128
2C15SW	-0.758082115	0.040007083	-5.181270845	0.11507331
C6RW	-1.56401808	0.017736027	-11.69087922	0.062048368
2C15RW	-0.855895647	0.065295227	-5.330111886	0.129746548
2C16SW	-2.296650907	0.033980877	-16.36716785	0.069744534
2C16RW	-2.382349464	0.085453496	-16.47100577	0.112759479
2C16EW	-2.438957962	0.025737133	-17.338725	0.039085803
2C17SW	-1.346772438	0.032356864	-9.178935112	0.07588522
2C17RW	-1.381486977	0.029640625	-9.025266123	0.082150472
2C17EW	-1.467942711	0.045294591	-9.835703006	0.167247621
2C18SW	-1.989322027	0.07309902	-13.81322434	0.211723404
2C18RW	-1.754585619	0.106458912	-13.17442903	0.21824138
2C19SW	-3.356578947	0.059199381	-23.51157486	0.132115732
C7SW	-3.009328058	0.046503405	-22.49234079	0.13647454
2C19RW	-3.296572386	0.073331212	-23.42004159	0.109342428
2C19EW	-3.369472918	0.031593776	-23.62348597	0.040970314
2C20SW	-3.561222456	0.028304593	-28.47240925	0.100169939
2C20RW	-4.417276349	0.022321888	-31.97900236	0.071112352
2C20EW	-4.140601981	0.013464769	-30.99488666	0.028939592
2C21SW	-3.985840149	0.023636836	-29.01395916	0.194624425
2C21RW	-3.857946002	0.032295511	-27.96519352	0.220099674
2C21EW	-4.013104405	0.130880098	-29.22277678	0.157189376
2C23SW	-5.679346151	0.037436613	-41.82641502	0.092324247
2C23RW	-5.455068056	0.026733874	-40.87877217	0.051301722
C7RW	-3.255882879	0.031404883	-23.97033501	0.011354148
2C24SW	-4.916899864	0.034455769	-37.23097386	0.053914748
2C24RW	-4.680680118	0.048267657	-35.59212491	0.11972371
2C24EW	-5.141574912	0.010526158	-38.11104013	0.060535664
2C25SW	-4.946348637	0.016975473	-37.43953916	0.05375686
2C25RW	-5.077609152	0.017084106	-38.08636148	0.044816292
2C25EW	-5.003123362	0.021153408	-37.74321256	0.046379593
2C26SW	-3.677441814	0.007943551	-26.58329919	0.029953297
2C26RW	-3.377015793	0.006271629	-25.08306148	0.062759063
2C26EW	-3.627619097	0.036571391	-26.44543642	0.185769391
2C27SW	-3.03413287	0.004349329	-21.25933026	0.153443149
C8EW	-1.47195223	0.029341381	-9.316529465	0.078155614
2C27RW	-3.437200311	0.015820872	-24.33319396	0.021835751
2C27EW	-3.418231263	0.011536897	-24.19419184	0.043440381
2C28SW	-2.997469309	0.060825707	-22.03175044	0.159833246
2C28RW	-3.125622745	0.035571993	-23.13981448	0.09088821
2C28EW	-3.26782286	0.013352902	-23.71365697	0.078093961
2C29SW	-2.743106749	0.024711671	-22.57081242	0.04603658
2C29RW	-2.668751587	0.019896398	-22.29540808	0.06161304
2C29EW	-2.722783005	0.019072668	-22.41858893	0.057122383
2C30SW	-2.893617522	0.062767561	-21.1507227	0.133278155
2C30RW	-2.618995072	0.044140684	-20.00079303	0.137258637
C8RW	-1.370044005	0.00838451	-9.848406741	0.036669697
2C30EW	-2.91278512	0.069320752	-20.96863373	0.144091638
2C31SW	-4.345476996	0.025481366	-32.05376831	0.051997115
2C31RW	-4.437677396	0.016164777	-32.60637963	0.036228442
2C31EW	-4.310513547	0.064543525	-31.51527771	0.129954992
2C32SW	-6.038857962	0.053391635	-44.65546969	0.057160301
2C32RW	-5.935752138	0.04928962	-44.26733318	0.069314982
2C33SW	-6.052573642	0.11384507	-44.52165356	0.121773013
2C33RW	-6.185748242	0.057020756	-45.62643168	0.098278685
C8SW	-1.682010993	0.029170476	-10.31652407	0.051778374
C9SW	-2.071164668	0.020868637	-12.89558558	0.13874497
C9RW	-1.738241346	0.036905284	-12.05184117	0.069723262
C9EW	-1.944534905	0.031491269	-12.60794923	0.073502154
C1RW	-0.538851129	0.055450879	-3.420519775	0.10419293
C10SW	-0.857712004	0.071957395	-5.050745728	0.153672921
C10RW	-0.741205355	0.011729592	-4.527800844	0.046859008
C10EW	-0.917492878	0.025523845	-4.868764908	0.067457888
C11SW	-2.275472321	0.030793939	-16.98959738	0.110067252
C11RW	-2.297894754	0.043890774	-16.92970057	0.055040894
C12SW	-3.471115591	0.020248457	-24.14410477	0.101005775
C12RW	-2.634824785	0.018297541	-18.06957011	0.132914133
C13SW	-4.617627352	0.027914154	-33.88548876	0.090185919
C13RW	-4.354889195	0.024460172	-32.81653039	0.101324726
C14SW	-2.92967978	0.038187258	-22.46017255	0.117667328
C2RW	-3.508743396	0.008386497	-24.02910511	0.145014022
C14RW	-2.464579165	0.01554027	-18.89814263	0.083729127
C15SW	-3.309871917	0.02403123	-24.79215496	0.074771652
C15RW	-5.017839449	0.030083218	-34.57596281	0.097938756
C16SW	-3.557180626	0.019002631	-26.26950313	0.095392697
C16RW	-3.28016197	0.031746916	-25.61858096	0.081612907
C16EW	-3.706661807	0.048960188	-27.50640513	0.131739769
C17SW	-3.905805058	0.040741461	-29.16901257	0.047598144
C17RW	-3.927319788	0.022853884	-29.08064101	0.032174524
C17EW	-3.857231923	0.00680441	-28.768618	0.04348678
C18SW	-4.176224103	0.024951286	-30.56502332	0.032488459
C3SW	-0.213254888	0.083596053	-0.800131587	0.273806501
C18RW	-4.092904019	0.014678783	-30.11941889	0.030755487
C19SW	-4.019235865	0.02027108	-29.84436306	0.051455806
C19RW	-3.858238105	0.028987354	-29.68655647	0.062138555
C19EW	-3.880821135	0.019177243	-29.89983125	0.058892275
C20SW	-5.113821606	0.02251592	-37.88706364	0.041257323
C20RW	-4.964443929	0.006685806	-37.57039803	0.052715905
C20EW	-4.714744849	0.023338095	-35.85454326	0.040178352
C21SW	-4.206049735	0.010222524	-32.91581313	0.045120579
C21RW	-4.525508948	0.013266499	-33.70015156	0.074273593
C21EW	-5.02279716	0.033063575	-36.91272585	0.052045173
C3RW	-0.252286911	0.030504098	-0.742037526	0.059880715
C23SW	-5.96653704	0.013416408	-44.01176281	0.033386624
C23RW	-5.86235839	0.016931233	-43.71657452	0.038259204
C24SW	-5.075224172	0.029181044	-38.58167031	0.090439667
C24RW	-4.821752051	0.020141996	-36.62985102	0.060041652
C24EW	-5.313504319	0.017955965	-40.2276881	0.070136058
C25SW	-5.263704517	0.023676289	-39.48708153	0.031107877
C25RW	-5.427363711	0.01948076	-39.89870518	0.08973238
C25EW	-5.405256521	0.022310685	-40.0101845	0.061673333
C26SW	-5.569575631	0.026932632	-41.58955823	0.071993518
C26RW	-5.385624017	0.020412415	-40.85152845	0.07281964
C4SW	0.103118596	0.135690334	1.393202034	0.360133124
C26EW	-5.488570929	0.018821973	-41.04299294	0.018506756
C27SW	-4.199751396	0.009924717	-31.09371907	0.039026487
C27RW	-4.377451647	0.023201293	-32.59756286	0.036249138
C27EW	-4.563779735	0.02228602	-33.8809145	0.084651442
C28SW	-3.381633377	0.019498718	-25.73633007	0.073645774
C28RW	-3.542542531	0.061303888	-26.06938399	0.095281163
C28EW	-3.526780137	0.080548122	-25.84771721	0.118616047
C29SW	-3.730529818	0.093784149	-28.14593688	0.205598395
C29RW	-3.837874027	0.035535897	-28.69817604	0.100724211
C29EW	-3.824975086	0.022636254	-28.82481615	0.052426774
C4RW	-0.03357583	0.118931353	1.048497296	0.222190909
C30SW	-4.651168802	0.033755987	-34.46596626	0.050384191
C30RW	-4.838038078	0.038600518	-34.9012083	0.052435675
C30EW	-4.803640901	0.126414662	-34.47296479	0.118530024
C31SW	-5.263041651	0.033850652	-39.00951325	0.042921634
C31RW	-4.982690175	0.04143871	-37.85470139	0.078609054
C31EW	-5.230562778	0.011081516	-38.66575202	0.053682089
C32SW	-5.88364609	0.016452963	-44.92410601	0.107853141
C32RW	-5.651828966	0.057045304	-43.70469511	0.167202173
C33SW	-6.056496823	0.022509998	-45.69113354	0.133500062
C33RW	-5.648920333	0.049207892	-43.69180346	0.168331122
C5SW	0.191558243	0.076177206	1.353274844	0.156469379
2C1SW	-0.34478987	0.033301151	-1.460123048	0.137424403
2C1RW	-0.843357483	0.009396808	-4.319949858	0.058493589
2C3SW	-0.142023612	0.037792856	0.360009092	0.252938464
2C3RW	-0.051864866	0.102959701	0.731899878	0.261120406
2C4SW	0.077405649	0.038504112	2.27527996	0.113090082
2C4RW	0.128320379	0.146190857	2.26428319	0.304041719
2C5SW	0.026590104	0.025812788	2.171976964	0.172818305
2C5RW	0.147595241	0.055034535	2.362754271	0.234813685
2C6SW	-1.947638941	0.076662898	-12.65957288	0.180789011
2C6RW	-1.545341465	0.028686815	-11.32623997	0.18044713
C5RW	0.088955077	0.125139389	1.464571886	0.192233625
2C7SW	-1.724088818	0.050679384	-11.64927726	0.193797231
2C7RW	-1.501947433	0.005549024	-10.54732237	0.080849758
2C8EW	-1.269868085	0.028428272	-8.462240108	0.029986664
2C8RW	-1.216779071	0.030492622	-8.603343783	0.093112119
2C8SW	-1.244532404	0.071169282	-8.350226527	0.176831747
2C9SW	-1.03141462	0.026977151	-7.301311295	0.089034076
2C9RW	-1.253805595	0.059355427	-8.042272772	0.154642383
2C9EW	-1.23625277	0.009246621	-7.714424068	0.06647932
2C10SW	-0.584053085	0.028624582	-3.271547907	0.018069311
2C10RW	-0.584218558	0.007348469	-3.221498914	0.06969218
