Sample_ID	NO2NO3 	NO2 	NH3	PO4	Si 	NO3 	Latitude	Longitude	Chlorophyll	Salinity	Temperature	CTD_depth	Time
2C10EW	0.615	0.15	2.99	0.855	36.645	0.465	56.55391126	8.61017776	3.652221457	29.95134094	16.59964752	99.35131073	09/09/2019
2C10RW	1.375	0.255	7.435	0.92	34.875	1.12	56.55032935	8.61454023	5.104176772	29.89684525	16.1827774	78.6192894	10/09/2019
2C10SW	0.81	0.205	2.1	0.605	37.57	0.605	56.55925617	8.61504498	3.68215868	30.00251403	16.72975922	99.93276596	09/09/2019
2C11RW	0.65	0.075	2.77	1.46	11.18	0.575	56.8039704	10.282349	1.360527036	28.69282292	18.0800972	28.28512192	02/09/2019
2C11SW	0.16	0.025	0.84	0.645	7.365	0.135	56.79719521	10.28607025	1.299155729	29.26305749	17.19214821	100.249958	02/09/2019
2C12RW	10.24	0.345	3.455	1.235	85.5	9.895	56.60978684	10.30299737	3.367817838	19.19471169	15.94149971	64.81637955	05/09/2019
2C12SW	9.315	0.285	3.25	1.085	82.415	9.03	56.60705356	10.29712065	3.203163112	20.48894056	15.28698158	71.95491791	05/09/2019
2C13RW	0.755	0.04	-0.065	0.325	5.985	0.715	56.44552427	10.95986495	1.870956688	25.8002098	13.13498974	101.5153885	17/10/2019
2C13SW	2.4	0.235	0.145	0.4	9.26	2.165	56.44816462	10.95508786	1.556615847	27.41535732	13.04090214	101.7793655	17/10/2019
2C14RW	1.32	0.115	0.12	0.345	8.085	1.205	56.1388617	10.219473	0.758788854	27.10616722	15.42168236	27.0154953	12/09/2019
2C14SW	0.725	0.03	0.185	0.255	8.475	0.695	56.12285239	10.22345435	1.173419393	26.73888949	15.50922108	100.5169868	12/09/2019
2C15RW	1.71	0.04	-0.135	0.955	9.755	1.67	55.7030775	9.6995034	1.068639112	28.81402122	12.93408966	62.44277954	19/09/2019
2C15SW	0.18	0.015	1.08	1	10.245	0.165	55.70038092	9.710981	6.076058779	28.90309459	12.94756222	100.1495361	19/09/2019
2C16EW	0.255	0.01	0.445	0.345	6.825	0.245	55.5021309	10.61310246	1.257243617	22.0976984	12.66548824	94.69795227	18/09/2019
2C16RW	1.005	0.05	1.58	0.665	7.75	0.955	55.48628704	10.59840165	2.664293098	21.88548944	12.49409676	46.31347656	18/09/2019
2C16SW	0.35	0.03	0.57	0.36	7.535	0.32	55.49418168	10.61822206	1.676364739	22.11475489	12.94719028	93.64023209	18/09/2019
2C17EW	0.565	0.02	0.45	0.425	9.38	0.545	55.48243617	9.71511814	1.45632615	27.44520775	14.80323792	97.44739532	16/09/2019
2C17RW	1.625	0.04	1.86	0.76	6.23	1.585	55.48988732	9.72807937	1.526678624	27.2721379	14.69228935	100.6732941	16/09/2019
2C17SW	0.4	0.02	0.4	0.67	12.56	0.38	55.4722045	9.72438389	1.457823011	27.3424993	14.93069649	72.96266556	16/09/2019
2C18RW	0.48	0.185	11.16	1.77	38.235	0.295	55.11464713	9.50277209	13.3957098	24.20350357	14.80176163	36.00263596	17/09/2019
2C18SW	0.885	0.225	5.975	2.405	41.765	0.66	55.11825552	9.4882245	NA	24.25895595	14.33679962	109.3956947	17/09/2019
2C19EW	26.66	0.41	1.31	0.42	12.04	26.25	55.04167237	10.25488398	5.403429253	17.74977314	12.03675652	100.1446724	21/10/2019
2C19RW	13.835	0.23	1.515	0.42	6.045	13.605	55.04015914	10.25435219	2.230083615	18.51820737	12.13624001	102.5773048	21/10/2019
2C19SW	11.065	0.195	0.775	0.335	5.65	10.87	55.06489033	10.21874036	7.257381599	18.35552642	11.76206017	100.0916481	21/10/2019
2C1RW	13.525	0.675	5.695	0.85	9.79	12.85	55.4464839	8.4066144	2.328936326	28.44073047	15.92016506	59.16004181	24/09/2019
2C1SW	2.48	0.265	0.62	0.265	10.99	2.215	55.46983904	8.31535033	3.293004718	31.40622371	14.86349869	100.0914574	24/09/2019
2C20EW	0.18	-0.01	4.905	0.125	3.46	0.19	54.8791064	11.01524311	2.469581399	14.62111002	12.27562714	98.13756943	22/10/2019
2C20RW	0.255	-0.02	0.88	0.095	2.705	0.275	54.8803404	11.0176403	2.499518622	14.62492735	12.63769722	50.49133301	22/10/2019
2C20SW	0.225	-0.01	2.355	0.115	3.155	0.235	54.88502254	11.01350353	2.664173349	14.63151744	12.40977383	98.87742996	22/10/2019
2C21EW	0.51	0.045	5.59	0.065	4.71	0.465	54.91905585	11.49217673	1.297539119	15.72899068	12.23364067	99.66945648	23/10/2019
2C21RW	0.695	0	0.52	-0.005	1.6	0.695	54.8378707	11.4936118	1.080494252	16.85777504	12.67362499	49.64475632	23/10/2019
2C21SW	0.17	-0.04	0.045	-0.1	1.025	0.21	54.84748884	11.47969321	0.306617038	16.47211128	12.1745863	98.08387756	23/10/2019
2C23RW	0.59	0.01	0.915	0.13	3.17	0.58	54.955125	12.4624129	2.798890852	9.231963865	12.53521729	66.19215012	24/10/2019
2C23SW	0.23	-0.01	0.245	0.02	3.725	0.24	54.95019802	12.47570698	1.541527486	9.080047563	12.68154907	101.3571739	24/10/2019
2C24EW	0.22	-0.025	2.42	0.045	1.39	0.245	55.13308773	12.08769028	2.768953629	10.32708528	11.12942696	62.01438904	10/10/2019
2C24RW	0.52	0.05	1.91	0.48	5.315	0.47	55.1701609	12.0908908	9.712233884	10.25186785	13.21798706	27.59523392	10/10/2019
2C24SW	0.25	-0.015	1.685	-0.025	3.705	0.265	55.135901	12.10739352	1.104444031	10.34501222	10.84817219	45.09439468	10/10/2019
2C25EW	1.975	0.055	0.68	0.22	9.16	1.92	55.56489727	12.28239716	1.412797428	11.01270833	13.23527145	99.71990585	03/10/2019
2C25RW	1.195	0.09	1.925	0.735	12.5	1.105	55.56748637	12.28656134	1.541527486	11.48047651	13.93920994	88.93280029	03/10/2019
2C25SW	1.385	0.185	2.475	0.6	17.9	1.2	55.56931596	12.28888679	0.84249333	11.48569882	13.91094685	104.7979355	03/10/2019
2C26EW	1.61	0.025	0.235	0.335	6.005	1.585	55.74929873	12.59476462	2.499518622	17.44999892	14.17746925	99.87468719	02/10/2019
2C26RW	1.13	0.03	0.59	0.275	4.665	1.1	55.75903234	12.60278652	1.357413565	18.09406033	14.03590584	89.88018036	02/10/2019
2C26SW	0.35	0.015	0.175	0.36	5.165	0.335	55.75146986	12.59356584	2.903671133	17.85499409	14.3802433	100.084877	02/10/2019
2C27EW	0.945	0.075	1.01	0.29	5.51	0.87	56.04229589	12.61937113	1.721135856	19.22930972	12.77262783	96.17471695	16/10/2019
2C27RW	1.005	0.07	3.035	0.71	5.43	0.935	56.0411843	12.6181348	3.143153948	18.60456674	12.78512383	47.79176712	16/10/2019
2C27SW	0.72	0.055	0.51	0.28	4.18	0.665	56.04450606	12.60919503	2.813844495	20.56559768	12.82640076	93.58301163	16/10/2019
2C28EW	0.195	-0.005	0.935	0.2	2.76	0.2	55.95139329	11.8471504	1.156819202	19.16525512	12.77928925	98.86760712	01/10/2019
2C28RW	0.67	0.015	3.91	0.25	4.115	0.655	55.96726649	11.8442571	1.810947525	19.17607607	13.36939621	27.96449661	01/10/2019
2C28SW	0.255	0	0.795	0.19	3.4	0.255	55.96898158	11.84613189	1.601386964	18.30380049	13.54317856	104.1571617	01/10/2019
2C29EW	4.015	0.52	2.685	5.44	14.995	3.495	55.68531813	12.07090738	3.876615912	14.5029316	14.19524384	74.12033081	30/09/2019
2C29RW	3.24	0.425	2.44	5.035	14.25	2.815	55.67983516	12.06896049	5.074104831	14.46906247	13.79972839	22.57242203	30/09/2019
2C29SW	3.755	0.51	2.525	4.91	15.35	3.245	55.68356509	12.07310664	8.215223048	14.56012987	14.06117219	85.0262666	30/09/2019
2C30EW	0.33	-0.01	1.085	0.21	1.785	0.34	55.75904756	11.31756065	0.806553693	20.59974741	11.36923409	88.2935524	09/10/2019
2C30RW	0.365	-0.005	0.56	0.26	2.045	0.37	55.75466545	11.32239182	1.305008456	20.59251327	12.26506233	101.3545036	09/10/2019
2C30SW	0.25	-0.005	5.64	0.225	1.475	0.255	55.75885483	11.34937786	1.363386041	20.57601437	11.32012463	94.74573135	09/10/2019
2C31EW	0.33	-0.03	0.67	0.105	4.815	0.36	55.34659324	11.10107746	1.870821971	14.62589578	12.06023502	98.97518158	08/10/2019
2C31RW	0.52	-0.025	1.215	0.105	5.29	0.545	55.32808218	11.12842404	2.424660596	13.91311981	12.43216896	28.12356949	08/10/2019
2C31SW	0.37	-0.025	0.685	0.115	5.36	0.395	55.3475465	11.10117661	2.170194201	14.54016914	12.47414112	100.6666183	08/10/2019
2C32RW	0.18	-0.025	0.755	0.14	8.415	0.205	55.2521937	14.8263621	3.502400624	7.773209631	12.97750854	90.46506882	14/10/2019
2C32SW	0.335	-0.015	0.485	0.195	9.675	0.35	55.2571398	14.8194941	1.795978913	7.764268105	12.98147392	31.45647049	14/10/2019
2C33RW	5.37	0.125	0.41	0.195	10	5.245	55.02243003	14.90372037	4.011333415	7.642738844	13.25653839	67.93737411	15/10/2019
2C33SW	1.45	0.045	0.795	0.175	10.325	1.405	55.02055438	14.91194958	NA	7.713237434	12.58662796	99.71923828	15/10/2019
2C3RW	3.255	0.51	5.58	0.805	9.135	2.745	55.9967104	8.1173628	1.101599995	32.22219519	15.4725914	75.65765381	24/09/2019
2C3SW	0.925	0.165	-0.125	0.215	10.7	0.76	55.98988942	8.12051726	3.322941941	32.06534178	14.95973206	95.33128738	23/09/2019
2C4RW	22.715	1.515	8.165	3.45	6.325	21.2	57.1265072	8.6208932	1.51173995	33.40662686	15.42676163	55.51147461	25/09/2019
2C4SW	0.52	0.03	-0.15	0.06	2.12	0.49	57.1264403	8.6151892	0.838152432	33.62559783	14.64233112	94.58866119	25/09/2019
2C5RW	4.23	0.59	10.055	0.625	4.305	3.64	57.596185	9.957084	0.715409818	33.36212882	14.11095619	105.4853439	26/09/2019
2C5SW	0.99	0.105	1.54	0.22	3.95	0.885	57.5921291	9.94725756	3.742063063	33.29591408	13.93986511	101.0954857	26/09/2019
2C6RW	3.835	0.15	1.62	0.395	9.94	3.685	57.14392	10.42871	2.275139136	24.55660816	9.206731796	64.76974487	29/10/2019
2C6SW	1.735	0.09	0.17	0.27	3.82	1.645	57.13986	10.42954	1.751237734	25.10060756	9.390329361	99.35560226	29/10/2019
2C7RW	0.945	0.04	-0.205	0.165	4.105	0.905	57.3214171	11.1282307	0.808215209	25.79792948	10.57108021	33.94098282	28/10/2019
2C7SW	0.615	0	-0.17	0.175	4.04	0.615	57.32297997	11.13292171	2.305076359	26.11983898	11.07722187	102.8416634	28/10/2019
2C8EW	1.38	0.225	3.345	0.975	15.285	1.155	57.05959471	9.87131989	2.679291646	25.91790358	17.43560982	106.8047523	03/09/2019
2C8RW	2.075	0.31	6	2.915	31.34	1.765	57.0550982	9.8705184	7.746031921	25.6496519	18.14898682	35.94970703	03/09/2019
2C8SW	0.895	0.175	2.76	1.035	14.63	0.72	57.01030036	9.63479997	2.305076359	25.92457883	17.65885353	66.93477631	03/09/2019
2C9EW	0.465	0.095	4.185	2.635	22.3	0.37	56.71051209	9.20700727	8.291712653	26.54163277	17.74905586	97.86863327	04/09/2019
2C9RW	3.15	0.265	3.92	2.51	25.02	2.885	56.706257	9.2016147	6.031452317	26.46904128	17.84535027	29.6046257	04/09/2019
2C9SW	0.3	0.055	4.68	2.89	20.965	0.245	56.71280751	9.2091164	10.45300053	26.55463572	17.83140945	101.0923386	04/09/2019
C10EW	0.325	0.045	0.845	0.085	0.125	0.28	56.55391126	8.61017776	0.778837858	29.17519075	12.18181324	57.73611069	15/05/2019
C10RW	0.74	0.09	1.89	0.125	0.44	0.65	56.55032935	8.61454023	1.303736124	29.35614481	13.30607605	32.46164322	15/05/2019
C10SW	0.15	0.02	0.775	0.07	0.13	0.13	56.55925617	8.61504498	1.341157653	29.02708831	13.50002003	50.75616837	15/05/2019
C11RW	0.54	0.04	1.09	0.51	3.08	0.5	56.8039704	10.282349	2.299035027	22.83295137	13.0819788	33.41369629	13/05/2019
C11SW	0.08	0.01	0.42	0.135	3.19	0.07	56.79719521	10.28607025	1.31122043	22.83295137	13.0819788	33.41369629	13/05/2019
C12RW	2.835	0.075	1.595	0.66	10.485	2.76	56.60978684	10.30299737	1.008854478	NA	NA	NA	02/05/2019
C12SW	8.465	0.165	3	0.44	22.02	8.3	56.60705356	10.29712065	1.736328997	NA	NA	NA	02/05/2019
C13RW	1.69	0	0.75	-0.08	4.615	1.69	56.44552427	10.95986495	0.411606879	NA	NA	NA	01/05/2019
C13SW	0.74	-0.005	0.255	-0.085	3.345	0.745	56.44816462	10.95508786	0.069633981	NA	NA	NA	01/05/2019
C14RW	0.475	0.015	0.685	0.04	1.17	0.46	56.1388617	10.219473	1.218415039	21.70366803	11.44521809	50.59261322	27/05/2019
C14SW	0.31	-0.01	0.63	-0.035	3.35	0.32	56.12285239	10.22345435	0.752801409	19.25923994	12.69237804	102.5702477	27/05/2019
C15RW	35.675	1.045	5.04	0.645	24.435	34.63	55.7030775	9.6995034	0.493934242	18.19393525	13.46554661	44.46077347	20/05/2019
C15SW	0.89	-0.03	0.77	0.06	1.725	0.92	55.70038092	9.710981	1.082200674	18.18218301	12.70506668	98.28891754	20/05/2019
C16EW	0.075	-0.015	0.395	0.045	3.715	0.09	55.5021309	10.61310246	1.631548716	16.94203769	13.71061802	100.9374619	23/05/2019
C16RW	0.2	0.005	0.59	0.075	3.94	0.195	55.48628704	10.59840165	1.796203443	16.98427279	14.59406948	99.56054688	23/05/2019
C16SW	0.19	-0.005	0.495	0.245	3.565	0.195	55.49418168	10.61822206	1.411510127	17.26333706	15.23068142	68.99681091	23/05/2019
C17EW	0.215	0.005	0.505	0.16	0.325	0.21	55.48243617	9.71511814	1.990683127	16.28787947	11.91833305	58.78868103	22/05/2019
C17RW	0.33	0.03	0.905	0.145	0.585	0.3	55.48988732	9.72807937	1.878418541	16.3566822	11.97326851	101.6763687	22/05/2019
C17SW	1.135	-0.005	0.64	0.13	0.315	1.14	55.4722045	9.72438389	1.848481318	16.08510363	12.16158581	43.98508072	22/05/2019
C18RW	0.335	0.005	0.425	0.13	4.64	0.33	55.11464713	9.50277209	1.945889557	15.54079582	17.09177399	36.31877899	21/05/2019
C18SW	1.635	0.08	0.76	0.385	13.99	1.555	55.11825552	9.4882245	1.781234831	14.99475114	16.61330795	99.45363998	21/05/2019
C19EW	0.18	0	0.29	0.265	-0.115	0.18	55.04167237	10.25488398	1.915952334	15.34406208	13.51083565	100.3512383	28/05/2019
C19RW	0.475	0.03	0.46	0.1	0.115	0.445	55.04015914	10.25435219	1.312717291	15.37561768	13.98300552	100.1402855	28/05/2019
C19SW	0.115	0.015	1.165	0.34	-0.025	0.1	55.06489033	10.21874036	1.071722646	15.54664499	12.92238522	65.92674255	28/05/2019
C1RW	6.34	0.5	4.205	0.6	3.695	5.84	55.4464839	8.4066144	2.993602551	28.75403949	20.05633736	100.9875298	18/06/2019
C1SW	1.1	0.115	2.895	0.26	2.885	0.985	55.46983904	8.31535033	1.930831134	30.35023057	18.27405739	106.3819885	18/06/2019
C20EW	0.2	0.01	0.255	0.155	1.025	0.19	54.8791064	11.01524311	0.544812553	11.89946707	13.07558823	102.418232	29/05/2019
C20RW	0.29	0.015	-0.05	0.285	0.35	0.275	54.8803404	11.0176403	2.514681826	10.87760922	16.84225082	23.26211929	29/05/2019
C20SW	0.25	0.005	0.535	0.11	0.645	0.245	54.88502254	11.01350353	0.640626635	11.53804626	13.54700756	104.3223381	29/05/2019
C21EW	0.175	0.01	0.265	0.005	1.44	0.165	54.91905585	11.49217673	0.143653765	12.03899007	12.9380064	101.3591766	30/05/2019
C21RW	0.86	0.045	1.3	0.355	4.15	0.815	54.8378707	11.4936118	0.547806275	12.4746108	14.64352894	23.04973602	30/05/2019
C21SW	0.1	0.005	0.37	0.07	2.325	0.095	54.84748884	11.47969321	0.187062738	12.63206979	13.81730556	107.0721626	30/05/2019
C23RW	0.17	0.01	0.065	0.37	2.735	0.16	54.955125	12.4624129	4.400726875	8.433276394	17.10715294	49.64389801	27/06/2019
C23SW	0.265	0.065	0.08	0.245	8.255	0.2	54.95019802	12.47570698	1.246840432	8.7281692	13.1826601	89.25056458	27/06/2019
C24EW	0.2	0.015	0.105	0.625	11.805	0.185	55.13308773	12.08769028	3.05355184	9.535089381	23.0759697	78.77845764	26/06/2019
C24RW	0.6	0.045	1.325	1.14	20.76	0.555	55.1701609	12.0908908	10.97880295	9.733554073	28.86234474	24.05424118	26/06/2019
C24SW	0.09	0.015	0.05	0.785	15.315	0.075	55.135901	12.10739352	3.861856861	9.347527988	23.26045227	69.57788467	26/06/2019
C25EW	0.175	-0.015	0.16	0.16	5.35	0.19	55.56489727	12.28239716	0.621047691	10.81097971	15.56078339	98.34327698	04/06/2019
C25RW	1.41	0.155	2.32	0.76	4.075	1.255	55.56748637	12.28656134	0.674186262	11.06717261	15.97712803	30.397892	04/06/2019
C25SW	0.375	0.005	0.115	0.17	3.53	0.37	55.56931596	12.28888679	0.285750793	11.03499632	15.905406	107.7580452	04/06/2019
C26EW	0.155	0.005	0.085	0.14	5.86	0.15	55.74929873	12.59476462	0.51487533	9.755808409	15.062994	106.0149193	10/06/2019
C26RW	0.67	0.04	0.645	0.195	4.875	0.63	55.75903234	12.60278652	0.435541689	9.595072972	14.94655704	98.50435257	10/06/2019
C26SW	0.095	-0.015	0.095	0.165	5.62	0.11	55.75146986	12.59356584	0.516372191	9.743237106	15.15858269	94.32621002	10/06/2019
C27EW	0.29	0.015	0.38	0.145	5	0.275	56.04229589	12.61937113	0.601693276	14.09675687	16.66413498	98.55337143	06/06/2019
C27RW	0.15	0.01	1.355	0.405	3.44	0.14	56.0411843	12.6181348	1.360601879	14.69614432	19.20914268	23.52437973	06/06/2019
C27SW	0.41	-0.01	0.215	0.11	4.705	0.42	56.04450606	12.60919503	0.56726547	15.65692675	15.92436028	100.0386238	06/06/2019
C28EW	0.245	0.04	0.83	0.11	1.79	0.205	55.95139329	11.8471504	1.409998297	17.92607826	15.70296288	99.2937088	05/06/2019
C28RW	0.7	0.04	5.345	0.165	1.2	0.66	55.96726649	11.8442571	0.709467279	18.01964237	16.07995796	100.8275032	05/06/2019
C28SW	0.34	0.015	3.12	0.065	1.165	0.325	55.96898158	11.84613189	0.496912996	17.90192191	15.15605164	101.358223	05/06/2019
C29EW	0.195	0.04	0.8	1.82	18.75	0.155	55.68531813	12.07090738	0.81424756	13.23808361	17.19640732	114.4195557	03/06/2019
C29RW	1.52	0.065	1.64	1.92	13.705	1.455	55.67983516	12.06896049	2.15543515	13.37663882	17.30082321	96.91457748	03/06/2019
C29SW	0.335	0.03	5.16	1.9	16.91	0.305	55.68356509	12.07310664	1.601596524	13.32841753	17.84535599	43.29786301	03/06/2019
C2RW	0.5	0.16	2.615	0.915	11.11	0.34	56.085677	8.239727	4.68505565	6.548333951	23.59580231	23.20709229	19/06/2019
C30EW	0.16	-0.01	0.285	0.165	0.13	0.17	55.75904756	11.31756065	0.784310337	13.50357744	19.84371376	99.6172905	24/06/2019
C30RW	0.355	0.03	0.365	0.185	0.44	0.325	55.75466545	11.32239182	1.173494236	13.4518497	20.12608719	100.7276535	24/06/2019
C30SW	0.24	-0.005	0.4	0.24	0.085	0.245	55.75885483	11.34937786	0.809756976	13.55830711	19.64048004	101.4157295	24/06/2019
C31EW	0.225	-0.005	0.285	0.19	2.985	0.23	55.34659324	11.10107746	0.604686999	11.21605006	18.86519623	104.9042702	25/06/2019
C31RW	0.415	0	0.51	0.2	0.355	0.415	55.32808218	11.12842404	1.781219862	11.15588216	20.00775909	42.29545593	25/06/2019
C31SW	0.305	0.005	0.305	0.275	2.635	0.3	55.3475465	11.10117661	0.583730943	11.19790007	19.03575897	100.2503395	25/06/2019
C32RW	0.405	0	0.55	0.625	3.68	0.405	55.2521937	14.8263621	1.495319383	7.619033368	14.45507145	37.37735748	13/06/2019
C32SW	0.53	0	2.965	0.365	8.11	0.53	55.2571398	14.8194941	1.447419826	7.621165939	14.23378658	43.61572266	13/06/2019
C33RW	0.165	0	0.36	0.44	1.16	0.165	55.02243003	14.90372037	0.924970379	7.587817462	18.72673798	20.45888901	11/06/2019
C33SW	0.13	0	0.44	0.16	5.39	0.13	55.02055438	14.91194958	0.228929944	7.662561211	15.51673889	98.76651764	11/06/2019
C3RW	0.82	0.15	5.27	0.305	3.115	0.67	55.9967104	8.1173628	5.538244052	31.43626189	18.05178833	22.15051651	19/06/2019
C3SW	1.2	0.165	4.165	0.155	3.795	1.035	55.98988942	8.12051726	2.641817728	31.42265521	17.25178528	97.65481949	19/06/2019
C4RW	4.64	0.5	4.295	0.745	4.995	4.14	57.1265072	8.6208932	5.014365103	32.34246696	15.91403008	44.09265518	20/06/2019
C4SW	1.72	0.195	5.255	0.235	2.945	1.525	57.1264403	8.6151892	0.706398714	32.36683029	15.48829651	98.76451492	20/06/2019
C5RW	0.87	0.045	1.005	0.17	1.085	0.825	57.59591614	9.95747873	4.454515083	32.84884595	10.16619873	82.63292313	09/05/2019
C5SW	0.6	0.04	0.75	0.13	1.605	0.56	57.5921291	9.94725756	0.707895575	32.72651332	9.203084946	100.0817299	09/05/2019
C6RW	2.47	0.08	1.015	0.57	6.615	2.39	57.338797	10.5260316	1.58655307	25.9777931	11.06990814	41.71066284	08/05/2019
C6SW	0.225	0.015	1.075	0.115	2.075	0.21	57.31914996	10.53214435	1.796203443	26.00193447	8.911482811	99.45259094	08/05/2019
C7RW	0.45	0.04	1.06	0.13	2.63	0.41	57.3214171	11.1282307	0.525256062	19.59797498	9.922463417	79.72812653	07/05/2019
C7SW	0.07	0.01	0.565	0.07	3.105	0.06	57.32297997	11.13292171	0.385299544	19.59797498	9.922463417	79.72812653	07/05/2019
C8EW	0.105	0	0.76	0.19	1.8	0.105	57.05959471	9.87131989	4.894706023	26.08535954	10.2158289	35.31389236	06/05/2019
C8RW	1.825	0.07	2.04	0.16	3.81	1.755	57.0550982	9.8705184	2.439763925	26.19450137	9.756940842	22.20258713	16/05/2019
C8SW	1.095	0.01	0.78	-0.01	3.715	1.085	57.01030036	9.63479997	0.917839332	26.23377627	13.06766129	104.1656494	06/05/2019
C9EW	7.165	0.445	2.515	0.16	7.3	6.72	56.71051209	9.20700727	1.277086008	23.93778546	12.35728073	99.99198914	14/05/2019
C9RW	8.84	0.66	4.66	0.605	8.8	8.18	56.706257	9.2016147	0.889105586	24.04327571	12.85373688	51.02157593	14/05/2019
C9SW	9.595	0.585	1.425	0.165	9.815	9.01	56.71280751	9.2091164	0.401128851	23.86543664	11.87744999	96.18291855	14/05/2019