Sample_ID	Grain_size	Density_wet	Dry_matter_per_WW	Watercontent	Organic_content	Inorganic_content	TP
2C1SB1	2	1.76813	0.813379107	0.32997	0.007091425	0.005127646	0.153105555
2C1SB2	2	1.80386	0.812529797	0.33817	0.006651647	0.005260523	0.171224286
2C1SB3	2	1.7583	0.816750081	0.322208333	0.006528562	0.005398619	0.171871189
2C1RB1	2	1.834377778	0.806952403	0.354122222	0.011731142	0.006565223	0.439561149
2C1RB2	2	1.793083333	0.759376307	0.431458333	0.018005937	0.008534024	0.536697173
2C1RB3	2	1.834109091	0.804051509	0.359390909	0.009284497	0.01213319	0.297906143
2C3SB1	2	1.83801	0.820713707	0.32953	0.00514459	0.004562323	0.157891944
2C3SB2	2	1.85	0.813818182	0.344436364	0.00516174	0.004669537	0.129816167
2C3SB3	2	1.8886	0.822431666	0.335355556	0.004855573	0.004512019	0.13452466
2C3RB1	2	1.92921	0.844558135	0.29988	0.003855825	0.003632252	0.114753922
2C3RB2	2	1.947433333	0.838317101	0.314866667	0.004284195	0.003573506	0.128283897
2C3RB3	2	1.964245455	0.853059468	0.288627273	0.004404401	0.003415822	0.16139639
2C4SB1	2	1.833322222	0.790835096	0.383466667	0.005706511	0.00607485	0.203721255
2C4SB2	2	1.8068	0.795146115	0.37013	0.004701885	0.005684472	0.247567575
2C4SB3	2	1.86419	0.815442632	0.34405	0.004537273	0.004793991	0.277464111
2C4RB1	2	1.83165	0.82818315	0.314708333	0.004564115	0.005946035	0.180741574
2C4RB2	2	1.84508	0.828175472	0.31703	0.00458178	0.004461362	0.179166747
2C4RB3	2	1.815281818	0.818235085	0.329954545	0.004118794	0.004634449	0.143794024
2C5SB1	2	1.778590476	0.82706477	0.307580952	0.006901011	0.0070989	0.3991452
2C5SB2	2	2.03014	0.832853892	0.33933	0.006139269	0.007886158	0.511900243
2C5SB3	2	1.77921	0.832088399	0.29875	0.006430029	0.007415162	0.46780244
2C5RB1	2	1.92338	0.826810095	0.33311	0.005598186	0.005234291	0.173296414
2C5RB2	2	1.90744	0.825235918	0.651128	0.005420384	0.00686688	0.222716602
2C5RB3	2	1.9273	0.81428942	0.5645	0.006445462	0.007249739	0.255695625
2C6SB1	2	1.818211111	0.833334352	0.275233333	0.003956006	0.002967903	0.424572433
2C6SB2	2	1.885755556	0.818569627	0.342133333	0.003937643	0.003191512	0.394101968
2C6SB3	2	1.787031579	0.826628104	0.309821053	0.003926935	0.003448955	0.426703073
2C6RB1	2	1.747409524	0.82426776	0.30707619	0.007106839	0.008683305	0.23113752
2C6RB2	2	1.7842	0.832737361	0.29843	0.004276275	0.003396671	0.208189953
2C6RB3	2	1.99606	0.832970953	0.3334	0.006058553	0.00695481	0.230476078
2C7SB1	2	1.786354545	0.830039848	0.303609091	0.004077392	0.003729823	0.570530059
2C7SB2	2	1.793469565	0.825894913	0.312252174	0.003970163	0.003966702	0.661760234
2C7SB3	2	1.848390909	0.832458699	0.309681818	0.003907744	0.003672944	0.600433676
2C7RB1	2	1.824154545	0.840578699	0.290809091	0.004066008	0.004613794	0.2578716
2C7RB2	2	1.535866667	0.847925167	0.233566667	0.003857364	0.004086086	0.335853188
2C7RB3	2	2.2098	0.843623857	0.34556	0.003247381	0.003802048	0.328063352
2C8EB1	1	1.41115	0.517925097	0.68028	0.057605621	0.039536194	0.997138979
2C8EB2	1	1.458363636	0.553833687	0.650672727	0.04152305	0.014211097	1.053113404
2C8EB3	1	1.432436364	0.528724106	0.675072727	0.044983278	0.015180684	1.048867021
2C8RB1	1	1.622016667	0.663885492	0.545183333	0.023078429	0.011061598	1.064959992
2C8RB2	2	1.615509091	0.667265033	0.537536364	0.022934198	0.016162226	0.628938143
2C8RB3	1	1.61072	0.74471044	0.4112	0.022750266	0.011364862	0.761711323
2C8SB1	1	1.496127273	0.628416396	0.555936364	0.036637514	0.014137192	1.085276208
2C8SB2	1	1.571966667	0.64506775	0.557941667	0.0390439	0.025436043	0.980178977
2C8SB3	1	1.569825	0.620923776	0.595083333	0.038591095	0.020602753	1.086085281
2C9SB1	1	1.835172727	0.771232829	0.419827273	0.01265494	0.010974812	0.330689054
2C9SB2	1	1.87426	0.780478696	0.41144	0.011427408	0.016080662	0.312821053
2C9SB3	1	1.72571	0.626078542	0.64528	0.061051489	0.118720508	1.093260076
2C9RB1	1	1.663666667	0.692092433	0.512255556	0.012013679	0.00733128	0.309278121
2C9RB2	1	1.70734	0.700633734	0.51112	0.010676282	0.006662024	0.404220168
2C9EB1	1	1.81462	0.758538978	0.43816	0.00974087	0.004665347	0.343629454
2C9RB3	1	1.84843	0.774165102	0.41744	0.011239311	0.00387536	0.48016075
2C9EB2	3	1.835827273	0.76676356	0.428181818	0.012473663	0.004842749	0.481862592
2C9EB3	1	1.79	0.755373286	0.437881818	0.015498989	0.005487439	0.544755031
2C10SB1	2	1.851916667	0.799505017	0.3713	0.00738246	0.003488447	0.246738391
2C10SB2	2	1.826675	0.804444323	0.357216667	0.006843462	0.003193385	0.215422649
2C10SB3	2	1.86595	0.800310834	0.37261	0.008157141	0.003138938	0.248568337
2C10RB1	1	1.703454545	0.804168001	0.333590909	0.01349105	0.035032515	0.252282656
2C10RB2	1	1.691381818	0.81185905	0.318218182	0.017580336	0.025796534	0.34370123
2C10RB3	1	1.89798	0.808696614	0.36309	0.02484885	0.027050464	0.322584374
2C10EB1	2	1.860945455	0.802329217	0.367854545	0.005296789	0.00385924	0.195225433
2C10EB2	2	1.90645	0.800236041	0.38084	0.005356933	0.003866282	0.191346112
2C10EB3	2	1.87968	0.779366701	0.41472	0.007136413	0.004533228	0.200927656
2C11SB1	2	1.7701	0.823591887	0.31226	0.007837192	0.002923181	0.262218976
2C11SB2	2	1.75815	0.824377897	0.30877	0.003461184	0.002746646	0.240756247
2C11SB3	2	1.74805	0.824307085	0.30712	0.003281743	0.003460877	0.288273236
2C11RB1	1	1.811336364	0.7802125	0.398109091	0.014760826	0.006450553	0.320287944
2C11RB2	2	1.812742857	0.776676229	0.404828571	0.018115382	0.028830646	0.366144648
2C11RB3	1	1.79812	0.761562076	0.42874	0.017040722	0.00628053	0.450090903
2C12SB1	1	1.67842	0.695981935	0.51027	0.011452878	0.00378514	0.614616005
2C12SB2	1	1.709281818	0.708968679	0.497454545	0.010973141	0.003501359	0.667468357
2C12SB3	1	1.80653	0.734335992	0.47993	0.010308313	0.003520069	0.677484407
2C12RB1	2	1.858375	0.812089415	0.349208333	0.007704465	0.003308	0.225549581
2C12RB2	2	1.94728	0.812697712	0.36473	0.015629715	0.016174824	0.242205851
2C12RB3	2	1.880972727	0.815622478	0.346809091	0.018525707	0.006518236	0.23287512
2C13SB1	2	1.848266667	0.795961982	0.377116667	0.010095069	0.012104544	0.674271451
2C13SB2	2	1.806236364	0.791062279	0.377390909	0.009860719	0.010977875	0.621782853
2C13SB3	2	1.836758333	0.794048391	0.378283333	0.010607402	0.01109533	0.618161691
2C13RB1	3	1.78248	0.827223868	0.30797	0.021142091	0.010735311	0.249292836
2C13RB2	3	1.81256	0.832993115	0.30271	0.008710614	0.014687078	0.197551143
2C13RB3	3	1.84054	0.83515164	0.30341	0.009048822	0.012574374	0.187780944
2C14SB1	2	1.85838	0.811050485	0.35114	0.008366494	0.00882576	0.681407825
2C14SB2	2	1.926218182	0.80709728	0.371572727	0.007937087	0.008465821	0.746398509
2C14SB3	2	1.89741	0.816249519	0.34865	0.008740214	0.00879995	0.789361909
2C14RB1	2	1.8734625	0.830614437	0.3173375	0.0104561	0.003742748	0.348452246
2C14RB2	2	2.051663636	0.815063607	0.379427273	0.005815741	0.006376534	0.313824897
2C14RB3	2	1.954890909	0.808219943	0.374909091	0.006595024	0.00890169	0.328166747
2C15SB1	2	1.83858	0.805279074	0.35801	0.009939029	0.004837288	0.319885718
2C15SB2	2	1.816690909	0.793775896	0.374645455	0.010272212	0.005033676	0.327101998
2C15SB3	2	1.81195	0.801539778	0.3596	0.006632519	0.004402775	0.282005243
2C15RB1	1	1.820527273	0.800157796	0.363818182	0.018482927	0.010366979	0.442019521
2C15RB2	1	1.846525	0.800774428	0.367875	0.018920827	0.008073697	0.468155303
2C15RB3	1	1.872381818	0.809717326	0.356281818	0.019553421	0.00851879	0.51142709
2C16SB1	2	1.861500909	0.794818551	0.381945455	0.007466739	0.00270027	0.424248585
2C16SB2	2	1.824727857	0.799684415	0.365521429	0.006884436	0.003134254	0.461717868
2C16SB3	2	1.856025455	0.797328407	0.376163636	0.006850704	0.00320511	0.42702633
2C16RB1	1	1.2818725	0.40724084	0.759841667	0.069716564	0.029704896	1.677406032
2C16RB2	1	1.492905455	0.411751094	0.8782	0.092783442	0.02076448	2.015210474
2C16RB3	1	1.692371818	0.67588253	0.548527273	0.030394782	0.009819094	0.766129449
2C16EB1	2	1.823882727	0.816749582	0.334227273	0.004012556	0.002330607	0.475754415
2C16EB2	2	1.838743	0.812023758	0.34564	0.004177425	0.002760883	0.534601071
2C16EB3	2	1.788476	0.818213943	0.32512	0.006466457	0.005291041	0.567861619
2C17SB1	1	1.919384545	0.822888303	0.339945455	0.01377155	0.005045347	0.353685346
2C17SB2	1	1.931248182	0.829417904	0.329436364	0.012462195	0.004045698	0.211754378
2C17SB3	1	1.94489	0.817531162	0.354881818	0.009636415	0.003626405	0.294604049
2C17RB1	2	1.869973636	0.822365021	0.332172727	0.005811421	0.003397982	0.293264305
2C17RB2	2	1.921672308	0.842276799	0.303092308	0.00374764	0.002889172	0.208311837
2C17RB3	2	1.90616	0.836930602	0.310836364	0.004689584	0.002635403	0.235295391
2C17EB1	1	1.9102525	0.798220392	0.38545	0.006391138	0.003635847	0.219494744
2C17EB2	1	1.853200769	0.776689893	0.413838462	0.008819342	0.003508834	0.268371197
2C17EB3	1	1.839758182	0.772781403	0.418027273	0.009056335	0.003442675	0.259809376
2C18SB1	1	1.872916	0.756710926	0.45566	0.011554727	0.003327117	0.570524209
2C18SB2	1	1.819643	0.74941788	0.45597	0.010846356	0.003544813	0.507649353
2C18SB3	1	1.80519	0.758459069	0.436027273	0.01353394	0.004296711	0.584494607
2C18RB1	2	1.901593	0.814571257	0.35261	0.01029964	0.004275264	0.32129404
2C18RB2	2	1.862160833	0.816503498	0.3417	0.008255422	0.005897173	0.370394087
2C18RB3	2	1.897728	0.825738989	0.3307	0.007857712	0.004185599	0.332842107
2C19SB1	2	1.896433	0.824322821	0.33316	0.007583354	0.003476105	0.443316241
2C19SB2	2	1.83317	0.821943228	0.326408333	0.007478219	0.003377143	0.359502397
2C19SB3	2	1.815156	0.823932488	0.31959	0.008602524	0.003784732	0.542843667
2C19RB1	2	1.955987	0.801844286	0.38759	0.020591009	0.005226344	0.506725984
2C19RB2	2	1.970903636	0.821124966	0.352545455	0.013552243	0.003610622	0.577370926
2C19RB3	2	1.912527	0.827333157	0.33023	0.008424987	0.00286787	0.386110403
2C19EB1	2	1.89944	0.803115655	0.37397	0.006973203	0.002889916	0.371692089
2C19EB2	2	1.875307692	0.808306329	0.359484615	0.007891893	0.004558874	0.283023983
2C19EB3	2	1.90746	0.806905518	0.36832	0.007074616	0.003168083	0.3537756
2C20SB1	2	1.80179	0.810088856	0.34218	0.003781953	0.001437612	0.493544853
2C20SB2	2	1.91413	0.803675821	0.37579	0.003862209	0.001550926	0.516017132
2C20SB3	2	1.7384	0.804158997	0.34045	0.003855378	0.001506856	0.547986725
2C20RB1	3	1.951254545	0.850445867	0.291818182	0.007449225	0.003700516	0.434207892
2C20RB2	3	2.065990909	0.863596161	0.281809091	0.011937698	0.004420517	0.490075685
2C20RB3	3	1.91376	0.846025625	0.29467	0.009641533	0.007516628	0.496941243
2C20EB1	1	1.871563636	0.797937553	0.378172727	0.008469079	0.001800034	0.677835322
2C20EB2	1	2.02626	0.874364593	0.25457	0.010136303	0.016148205	0.62358618
2C20EB3	1	1.76372	0.74042365	0.45782	0.021786242	0.004431809	0.786710052
2C21SB1	2	1.86991	0.793449952	0.38623	0.008477215	0.002293216	0.35972571
2C21SB2	2	1.87041	0.798252789	0.37735	0.008221165	0.002072779	0.379105513
2C21SB3	2	1.792663636	0.79251799	0.371945455	0.010008134	0.002700451	0.397024181
2C21RB1	3	1.79762	0.763109	0.42584	0.010639616	0.003442582	0.541314043
2C21RB2	3	1.789681818	0.750148579	0.447154545	0.009177256	0.003039771	0.50591376
2C21RB3	3	1.798309091	0.75573013	0.439272727	0.010534727	0.003217854	0.512980515
2C21EB1	1	1.682136364	0.703764153	0.498309091	0.016705384	0.002698058	0.740331681
2C21EB2	1	1.718154545	0.716884395	0.486436364	0.014239415	0.002754809	0.697400253
2C21EB3	1	1.68121	0.678594584	0.54035	0.020123288	0.00327144	0.759150867
2C23SB1	2	1.75324	0.820868791	0.31406	0.01038944	0.003776489	0.47967692
2C23SB2	2	1.811945455	0.81588348	0.333609091	0.005533807	0.006592412	0.583755433
2C23SB3	2	1.69432	0.824330705	0.29764	0.005467791	0.006410104	0.469656901
2C23RB1	2	1.69755	0.79447439	0.34889	0.011288956	0.029543438	0.48371445
2C23RB2	2	1.59125	0.784578162	0.34279	0.021626532	0.025626031	0.533513214
2C23RB3	2	1.63414	0.791156204	0.34128	0.02259831	0.022129453	0.513860454
2C24SB1	2	1.770011111	0.761727798	0.421744444	0.005465149	0.002026999	0.407294991
2C24SB2	2	1.75885	0.790783751	0.36798	0.004979605	0.001731276	0.430726482
2C24SB3	2	1.81981	0.759414444	0.43782	0.005329652	0.002696797	0.405143268
2C24RB1	1	1.995914286	0.716821507	0.5652	0.015659155	0.004113185	0.417250888
2C24RB2	1	1.793390909	0.722539245	0.536409091	0.013042701	0.002151298	0.381631345
2C24RB3	1	1.497375	0.733468525	0.204325	0.013118624	0.002637264	0.374417261
2C24EB1	1	1.708845455	0.698217297	0.5157	0.017463593	0.002711243	0.537667748
2C24EB2	1	1.743158333	0.728419201	0.473408333	0.015832421	0.002283865	0.486383329
2C24EB3	1	1.75741	0.737585424	0.46117	0.01349962	0.0021779	0.471224363
2C25SB1	2	1.86987	0.804473038	0.36561	0.002702981	0.001150109	0.540228838
2C25SB2	2	1.79498	0.808276415	0.34414	0.002664401	0.001209961	0.521132121
2C25SB3	2	1.80057	0.798797048	0.36228	0.002857094	0.001256433	0.51450866
2C25RB1	2	1.784590909	0.773520797	0.404172727	0.018885953	0.007319816	0.578404128
2C25RB2	2	1.732425	0.749811199	0.433433333	0.024347907	0.016190193	0.561966494
2C25RB3	2	1.748163636	0.763778094	0.412954545	0.02230092	0.009890608	0.456858494
2C25EB1	1	1.747890909	0.73047517	0.4711	0.033476574	0.014154841	0.645899126
2C25EB2	1	1.7668	0.75716241	0.429045455	0.020035294	0.004156144	0.534511666
2C25EB3	1	1.634372727	0.673636257	0.5334	0.032130105	0.004288365	0.836259916
2C26EB1	2	1.872966667	0.793576145	0.386625	0.004953134	0.002770331	0.302379594
2C26EB2	2	1.896058333	0.82080808	0.339758333	0.003316486	0.002055586	0.448684731
2C26EB3	2	1.918090909	0.819882459	0.345481818	0.003542627	0.002049338	0.240811666
2C26SB1	2	1.79834	0.813322286	0.33571	0.004748119	0.002377399	0.260237626
2C26SB2	2	1.854145455	0.810218871	0.351881818	0.004240673	0.002314716	0.431793194
2C26SB3	2	1.84677	0.814438181	0.34269	0.004256747	0.002147011	0.27385912
2C26RB1	2	1.865745455	0.804625984	0.364518182	0.004237464	0.002305512	1.294188289
2C26RB2	2	2.016145455	0.864642703	0.2729	0.011368814	0.016531987	0.339284895
2C26RB3	2	1.93815	0.821840415	0.3453	0.015015451	0.004198523	0.209497921
2C27SB1	2	1.8384	0.828070605	0.316075	0.002769884	0.002331673	0.207359781
2C27SB2	2	1.862036364	0.827598328	0.321018182	0.002821659	0.002402081	0.171125877
2C27SB3	2	1.80628	0.82655513	0.31329	0.003188236	0.001797978	0.212052782
2C27RB1	2	1.869458333	0.836824392	0.30505	0.004325941	0.003817232	0.260202092
2C27RB2	2	1.820316667	0.835816113	0.298866667	0.004962604	0.004937387	0.3028527
2C27RB3	2	1.809218182	0.822746138	0.320690909	0.004159725	0.00231208	0.373319452
2C27EB1	2	1.844372727	0.789398712	0.388427273	0.009422828	0.003338675	0.732581999
2C27EB2	2	1.81942	0.756455354	0.44311	0.017243626	0.004605316	0.742732405
2C27EB3	2	1.77409	0.790687056	0.37134	0.010638535	0.003603825	0.617228346
2C28SB1	2	1.87964	0.803387883	0.36956	0.006666742	0.002538641	0.848411047
2C28SB2	2	1.835845455	0.810808	0.347327273	0.006019532	0.002805442	0.932595739
2C28SB3	2	1.787145455	0.816222925	0.328436364	0.006227019	0.002973309	0.956456236
2C28RB1	2	1.882491667	0.802478099	0.371833333	0.005242491	0.003189523	0.234656429
2C28RB2	2	1.829745455	0.801601812	0.363018182	0.005660904	0.003371157	0.237177596
2C28RB3	3	1.822645455	0.813767202	0.339436364	0.007111937	0.00343264	0.261949702
2C28EB1	2	1.784608333	0.818522271	0.323866667	0.003725125	0.002254681	0.272903422
2C28EB2	2	1.819527273	0.818379399	0.330463636	0.004400184	0.001973954	0.295936157
2C28EB3	2	1.86741	0.821073037	0.33413	0.005091425	0.002545712	0.338813512
2C29SB1	2	1.854975	0.791636904	0.386508333	0.014366499	0.010388419	0.65584849
2C29SB2	2	1.785463636	0.797129343	0.362218182	0.011783753	0.007898134	0.648239598
2C29SB3	2	1.756218182	0.783305036	0.380563636	0.011984131	0.007654948	0.692071634
2C29RB1	3	1.98327	0.840783151	0.31577	0.014792605	0.051289875	0.551561001
2C29RB2	3	1.996072727	0.811138235	0.376981818	0.0105636	0.04004845	0.545429682
2C29RB3	3	1.942272727	0.819040487	0.351472727	0.02188993	0.052236769	0.594992162
2C29EB1	2	1.859092308	0.788908566	0.392438462	0.011965788	0.008108396	0.59889872
2C29EB2	2	1.83658	0.80542639	0.35735	0.008797	0.008385043	0.64390771
2C29EB3	2	1.820025	0.804164778	0.356425	0.009634451	0.01069202	0.622176966
2C30SB1	2	1.735722222	0.814070352	0.322722222	0.003714548	0.002227714	1.009753441
2C30SB2	2	1.77234	0.81053861	0.33579	0.005861353	0.005672112	0.95399585
2C30SB3	2	1.77037	0.799166276	0.35555	0.003471575	0.002129578	1.029987553
2C30RB1	1	1.701436364	0.697971767	0.513881818	0.016934679	0.005267652	0.691034323
2C30RB2	1	1.770369231	0.733410675	0.471961538	0.012163974	0.004785345	0.652535658
2C30RB3	1	1.79278	0.748580417	0.45074	0.01183103	0.004749331	0.675020834
2C30EB1	2	1.782945455	0.805485305	0.346809091	0.005702138	0.002761663	0.450172234
2C30EB2	3	1.79979	0.787602998	0.38227	0.007107092	0.00321626	0.525490269
2C30EB3	2	1.79842	0.78147485	0.393	0.00909718	0.003477911	0.463968285
2C31SB1	2	1.84229	0.811039521	0.34812	0.003896777	0.003282006	0.177416991
2C31SB2	2	1.845563636	0.802558469	0.364390909	0.004267003	0.003995353	0.204928317
2C31SB3	2	1.7945	0.815519643	0.33105	0.004328546	0.004145306	0.173791294
2C31RB1	3	1.922418182	0.838205669	0.311036364	0.009901628	0.037025279	0.325514914
2C31RB2	3	1.92374	0.845285745	0.29763	0.010659291	0.041592434	0.440281871
2C31RB3	3	1.781963636	0.855986246	0.256627273	0.015469921	0.068545939	0.417329095
2C31EB1	2	1.87054	0.801944893	0.37047	0.007218097	0.002626769	0.277961197
2C31EB2	2	1.823353846	0.799650686	0.365307692	0.006785928	0.002582519	0.292414067
2C31EB3	2	1.82859	0.80174342	0.36253	0.006696125	0.002449675	0.313205113
2C32SB1	3	1.921954545	0.827131471	0.332245455	0.002681996	0.001231601	0.195571749
2C32SB2	3	1.882458333	0.831350849	0.317475	0.002662552	0.001452595	0.182131653
2C32SB3	3	1.883390909	0.832613323	0.315254545	0.003323237	0.001598283	0.217810921
2C32RB1	3	1.83069	0.789019441	0.38624	0.004157064	0.001302474	0.282885821
2C32RB2	3	1.7355	0.808700663	0.332	0.003713929	0.001115161	0.230162775
2C32RB3	3	1.92445	0.830243706	0.3266875	0.006428032	0.005435648	0.412730061
2C33SB1	2	1.84561	0.777553221	0.41055	0.005496514	0.001045633	0.711456965
2C33SB2	2	1.689455556	0.808090706	0.324222222	0.005350901	0.000978758	0.695937821
2C33SB3	2	1.729911111	0.80063844	0.344877778	0.005875323	0.001047087	0.585722719
2C33RB1	3	1.9217	0.843183356	0.301354545	0.006250077	0.002562245	0.629603337
2C33RB2	3	1.871827273	0.842404845	0.294990909	0.005562311	0.003475506	0.437104013
2C33RB3	3	1.890754545	0.840818721	0.300972727	0.007582137	0.004781494	1.245933807
