Sample_ID	Grain_size	Density_wet	Dry_matter_per_WW	Watercontent	Organic_content	Inorganic_content	TP
C1SB1	1	1.752727273	0.789792531	0.368436364	0.0069432	0.00712238	0.033694307
C1SB2	1	1.701214286	0.811945249	0.319921429	0.006953251	0.008396379	0.158560805
C1SB3	1	1.7369	0.788782523	0.366863636	0.007453591	0.006281643	0.143883324
C1RB1	2	1.811475	0.84149197	0.287133333	0.004678503	0.003278951	0.13840997
C1RB2	2	1.718138462	0.832743846	0.287369231	0.00434515	0.003946844	0.137283913
C1RB3	2	1.740984615	0.850137853	0.260907692	0.004096726	0.003879201	0.150476792
C2RB1	2	2.069033333	0.845149103	0.320391667	0.00259032	0.001199727	0.049897212
C2RB2	2	1.889446667	0.842528853	0.297533333	0.002797447	0.000728502	0.066197793
C2RB3	2	1.898066667	0.834779249	0.3136	0.002690456	0.000566412	0.061604098
C3SB1	1	1.886126667	0.831990782	0.316886667	0.004178412	0.004244736	0.18062948
C3SB2	1	1.941233333	0.820560812	0.348333333	0.005071345	0.004315368	0.145499141
C3SB3	1	1.913433333	0.816882393	0.350383333	0.00558543	0.004189073	0.167758677
C3RB1	2	1.916061538	0.829337423	0.327	0.00561764	0.004416006	0.095038335
C3RB2	2	1.91578	0.83019275	0.325313333	0.005263554	0.004185778	0.089468578
C3RB3	2	1.83044	0.83158512	0.308273333	0.006155483	0.004597614	0.103047644
C4SB1	2	1.84748	0.818354371	0.335586667	0.00472975	0.00472975	0.108811007
C4SB2	2	1.878226667	0.821512491	0.33524	0.004389255	0.004305914	0.233374484
C4SB3	2	1.91662	0.816896411	0.35094	0.004712957	0.005139469	0.246292059
C4RB1	3	1.758753333	0.842615792	0.2768	0.017924562	0.01520765	0.292449098
C4RB2	3	1.805566667	0.822150018	0.32112	0.016437611	0.013768044	0.17833846
C4RB3	3	1.564286667	0.885502657	0.179106667	0.026790132	0.01477345	0.262657469
C5SB1	2	1.905354545	0.83261049	0.318936364	0.0086078	0.00705193	0.809436126
C5SB2	2	1.979242857	0.830093759	0.336285714	0.007393764	0.007499013	0.857456422
C5SB3	2	2.04614	0.833038469	0.341626667	0.00710017	0.007648446	1.181220371
C5RB1	3	1.878766667	0.865645902	0.25242	0.017292419	0.014801444	0.202423379
C5RB2	3	1.944133333	0.858137302	0.2758	0.00931827	0.011249517	0.588392116
C5RB3	2	1.803593333	0.840488802	0.287693333	0.007514039	0.007962245	0.532285887
C6SB1	1	1.864738462	0.813366279	0.348023077	0.006127506	0.00355936	0.577404761
C6SB2	1	1.894271429	0.812728603	0.354742857	0.005189052	0.00278437	0.272430696
C6SB3	1	1.8776	0.810545377	0.35572	0.005654052	0.003210592	0.27421912
C6RB1	2	1.7569	0.816651488	0.322125	0.019088475	0.016382115	0.582175472
C6RB2	2	1.84362	0.809266552	0.35164	0.007995099	0.003982233	0.343903384
C6RB3	2	1.86236	0.821527524	0.33238	0.011125469	0.024551672	0.953846943
C7SB1	3	1.80894375	0.821380571	0.3231125	0.003976357	0.001853842	0.862082048
C7SB2	3	1.733466667	0.8769037	0.213383333	0.004911251	0.002482317	1.474622862
C7SB3	3	1.920268421	0.844215858	0.299147368	0.004403309	0.002187631	1.834943067
C7RB1	3	1.735557143	0.889821301	0.191221429	0.006847082	0.010498859	0.668605987
C7RB2	3	1.686833333	0.923347495	0.1293	0.009402308	0.013568821	1.922786907
C7RB3	2	2.024166667	0.87237217	0.25834	0.004783618	0.003077181	0.428662874
C8EB1	1	1.37102	0.596738195	0.55288	0.04155634	0.009340983	0.999377998
C8EB2	1	1.5	0.5999	0.60015	0.0350474	0.010964282	0.934251447
C8EB3	1	1.548580952	0.629780875	0.573314286	0.0328404	0.009596476	0.900759225
C8RB1	1	1.815563636	0.796852468	0.368827273	0.021608956	0.009753069	0.582657214
C8RB2	1	1.941766667	0.779609634	0.427946667	0.019931663	0.012209567	0.59778306
C8RB3	1	1.466909091	0.780180962	0.322454545	0.018552999	0.006117835	0.478408684
C8SB1	1	1.55805	0.634896184	0.56885	0.037194435	0.043151357	0.998927742
C8SB2	1	1.517953333	0.610352536	0.591466667	0.039280243	0.04201845	1.010793221
C8SB3	1	1.572515385	0.644298454	0.559346154	0.039546786	0.024603848	0.98881385
C9SB1	2	1.79965	0.757369489	0.43665	0.016176875	0.018867925	0.336066991
C9SB2	2	1.789815385	0.749477098	0.448389744	0.016066193	0.029240471	0.341138624
C9SB3	2	1.828825	0.763131154	0.433191667	0.017056018	0.02610945	0.362284213
C9RB1	1	1.67348125	0.735386937	0.442825	0.015293423	0.011110826	0.441758736
C9RB2	1	1.745766667	0.724308327	0.481293333	0.016638045	0.006362433	0.614714459
C9RB3	1	1.680115385	0.703907699	0.497469231	0.027618342	0.032308832	0.672771076
C9EB1	1	1.687806667	0.739468581	0.439726667	0.015400686	0.006237875	0.427102291
C9EB2	1	1.843986667	0.770312873	0.42354	0.008852319	0.003489857	0.420322897
C9EB3	1	1.7264875	0.751757542	0.4285875	0.011645678	0.004065289	0.511312737
C10SB1	2	1.879081818	0.816167471	0.345436364	0.006347135	0.002787994	0.216568635
C10SB2	2	1.884345455	0.815161281	0.3483	0.005891773	0.002658851	0.210435585
C10SB3	2	1.963463636	0.807765498	0.377445455	0.006305218	0.002340859	0.209613001
C10RB1	1	1.899693333	0.818388231	0.345006667	0.016964737	0.02261965	0.273414942
C10RB2	1	1.86052	0.760067078	0.4464	0.012089384	0.011102495	0.275310447
C10RB3	1	1.797733333	0.772265075	0.409406667	0.012296444	0.008640744	0.300015865
C10EB1	2	1.80345	0.786621938	0.384816667	0.005840164	0.003278689	0.192197946
C10EB2	2	1.877291667	0.784094995	0.405316667	0.005658294	0.003312172	0.185560612
C10EB3	2	1.841071429	0.768605238	0.426014286	0.006418117	0.003496047	0.167617789
C11SB1	2	1.84435	0.840621357	0.29395	0.004442341	0.002403233	0.608155527
C11SB2	2	1.70317	0.82262487	0.3021	0.004163331	0.00256205	0.262673547
C11SB3	2	1.64613913	0.828431217	0.282426087	0.004119555	0.001840652	0.278002512
C11RB1	2	1.726296774	0.741561276	0.446141935	0.019974559	0.067487194	0.363878531
C11RB2	2	1.763046667	0.734765954	0.46762	0.013586668	0.02016771	0.359965148
C11RB3	2	1.807	0.767648035	0.41986	0.016755707	0.010441962	0.344289506
C12SB1	1	1.701273333	0.712591745	0.48896	0.014522251	0.002530392	0.75150589
C12SB2	1	1.707633333	0.7121318	0.491573333	0.013044519	0.002792405	0.644433418
C12SB3	1	1.690873333	0.699942042	0.50736	0.014932223	0.003530076	0.337934688
C12RB1	1	1.874246667	0.785798383	0.401466667	0.012584395	0.003555591	0.312908182
C12RB2	1	1.855033333	0.788018185	0.393233333	0.01280241	0.011359001	0.3645018
C12RB3	1	1.89316	0.801397311	0.375986667	0.005792778	0.002219987	0.425919771
C13SB1	2	1.87772	0.784231231	0.405153333	0.010606851	0.011719701	0.465056603
C13SB2	2	1.868773333	0.785905906	0.400093333	0.011761707	0.007464861	0.200652915
C13SB3	2	1.849566667	0.786760863	0.3944	0.010745868	0.012238349	0.449680017
C13RB1	2	1.798226667	0.828156628	0.309013333	0.00786779	0.015616969	0.24978436
C13RB2	2	1.84938	0.80549157	0.35972	0.009923696	0.019847392	0.208301033
C13RB3	2	1.950766667	0.837216137	0.317553333	0.014012533	0.028051962	0.318407968
C14SB1	2	1.87076	0.799714198	0.374686667	0.007888061	0.007452037	0.787870985
C14SB2	2	1.86778	0.795511249	0.38194	0.007794031	0.008200355	0.762712052
C14SB3	2	1.845693333	0.788690068	0.390013333	0.008291457	0.009260589	0.766955084
C14RB1	3	1.901213333	0.813803115	0.354	0.007322444	0.00937068	0.460655542
C14RB2	3	1.9096	0.807788717	0.367046667	0.007479846	0.012660332	0.279973156
C14RB3	3	1.929246667	0.827182976	0.333406667	0.008336247	0.010944685	0.271814496
C15SB1	2	1.88418875	0.805058012	0.3673075	0.007115206	0.002426258	0.318395341
C15SB2	2	1.91933	0.811644341	0.361516667	0.007167772	0.002108168	0.243868856
C15SB3	2	1.876978667	0.808576052	0.359298667	0.006367464	0.002019787	0.288893912
C15RB1	2	1.936835714	0.822958655	0.3429	0.013108902	0.011077946	0.595736396
C15RB2	3	1.80356	0.882122025	0.2126	0.009550205	0.005442949	0.655556682
C15RB3	3	1.869526667	0.84963752	0.281106667	0.014309788	0.007072019	0.346036362
C16SB1	2	1.85946	0.787945604	0.394306667	0.006371963	0.002429311	0.317913561
C16SB2	2	1.823633333	0.791080992	0.380991667	0.006639907	0.002325843	0.37032622
C16SB3	2	1.940666667	0.773620749	0.439326667	0.006958804	0.002624463	0.463610606
C16RB1	1	1.824133333	0.802399313	0.36045	0.007737287	0.002421594	0.468821255
C16RB2	1	2.149109091	0.772078916	0.489827273	0.010220098	0.002860232	0.642647178
C16RB3	1	2.171192308	0.769906645	0.499576923	0.007474909	0.002477638	0.653405245
C16EB1	1	1.825703704	0.772004706	0.416251852	0.006571876	0.002180389	0.581103555
C16EB2	1	1.8715	0.766240983	0.43748	0.007042565	0.002613279	0.508836894
C16EB3	1	1.832983333	0.767864774	0.4255	0.008718649	0.00241216	0.497193796
C17SB1	2	1.974066667	0.821531694	0.352308333	0.007952618	0.001445931	0.251906004
C17SB2	2	1.937861538	0.822992831	0.343015385	0.008370261	0.002024181	0.216514707
C17SB3	2	1.928813333	0.813660904	0.359413333	0.007798847	0.002060565	0.253198481
C17RB1	3	1.9517	0.855554498	0.281914286	0.010360866	0.00170008	0.337919283
C17RB2	3	2.03972	0.862687035	0.28008	0.015529788	0.004230018	0.366465737
C17RB3	3	1.764458333	0.848697665	0.266966667	0.008943369	0.001563526	0.346763001
C17EB1	2	1.86915	0.790698089	0.391216667	0.00609722	0.0012586	0.263066064
C17EB2	2	1.888345455	0.781034865	0.413481818	0.007905619	0.0004865	0.250370397
C17EB3	2	1.799654545	0.760509593	0.431	0.009675381	0.000947792	0.335324324
C18SB1	1	1.447953846	0.551000351	0.650130769	0.041742222	0.008426667	0.7773292
C18SB2	1	1.542814286	0.617693084	0.589828571	0.039340299	0.00705708	0.750330205
C18SB3	1	1.6502625	0.700676408	0.4939625	0.050364185	0.030378398	0.836673991
C18RB1	2	1.874164286	0.820079807	0.3372	0.006632277	0.003148657	0.307703651
C18RB2	3	1.966478571	0.847457566	0.299971429	0.008163684	0.004877673	0.311542069
C18RB3	2	1.844433333	0.81994018	0.332108333	0.006646563	0.002338605	0.284002913
C19SB1	2	1.9159	0.798554204	0.38595	0.006027929	0.003080942	0.394529487
C19SB2	2	1.922866667	0.814703741	0.3563	0.006725035	0.003172186	0.459126362
C19SB3	2	1.871446154	0.803418171	0.367892308	0.00635753	0.003232643	0.403005123
C19RB1	3	1.897627273	0.833787649	0.315409091	0.011952191	0.007485211	0.704962623
C19RB2	3	1.828972727	0.848732771	0.276663636	0.009724563	0.021963146	0.607368169
C19RB3	3	1.426466667	0.926677805	0.104591667	0.009488321	0.034986026	0.770051117
C19EB1	2	1.90923	0.806319825	0.36978	0.011557734	0.007973373	0.388910717
C19EB2	2	1.827366667	0.827684646	0.314883333	0.008953424	0.002273149	0.418727311
C19EB3	2	1.88961	0.800038103	0.37785	0.013331687	0.004690779	0.417202779
C20SB1	2	1.812466667	0.787481149	0.385183333	0.003850135	0.001490375	0.490644128
C20SB2	2	1.809253846	0.803905562	0.354784615	0.003718959	0.001479586	0.508361713
C20SB3	2	1.816264286	0.797252602	0.368242857	0.003595812	0.002230314	0.575873782
C20RB1	3	2.070746154	0.872821763	0.263353846	0.013173417	0.03279591	0.649107463
C20RB2	3	2.035953333	0.852894467	0.2995	0.006742629	0.007705862	0.436286092
C20RB3	3	1.894541176	0.838849698	0.305305882	0.005903063	0.003573603	0.364982966
C20EB1	2	1.866183333	0.80848166	0.357408333	0.008923085	0.002831877	0.471001923
C20EB2	2	1.834516667	0.778829119	0.405741667	0.010059759	0.002814887	0.680590613
C20EB3	2	1.9087	0.800553605	0.380683333	0.010152905	0.003853211	0.673244022
C21SB1	2	1.780185714	0.782374231	0.387414286	0.00823278	0.002073906	0.358250167
C21SB2	2	1.8457	0.778200683	0.409375	0.007147149	0.0018026	0.379931711
C21SB3	2	1.817542857	0.792117301	0.377835714	0.007360952	0.001707741	0.397265068
C21RB1	1	1.741258333	0.743796392	0.446116667	0.008159503	0.002014271	0.44964196
C21RB2	2	2.03632	0.861072916	0.2829	0.012219295	0.029883327	0.661999328
C21RB3	1	1.782363636	0.734280322	0.473609091	0.009514748	0.002616556	0.5294015
C21EB1	1	1.749838462	0.728585935	0.474930769	0.012518055	0.001814748	0.703134231
C21EB2	1	1.5737	0.652792781	0.5464	0.021724524	0.003455447	0.745835003
C21EB3	1	1.7206375	0.712562931	0.494575	0.015340266	0.002393699	0.671887237
C23SB1	2	1.807528571	0.797924554	0.365257143	0.005514088	0.005177863	0.422005052
C23SB2	2	1.808185714	0.786664613	0.38575	0.007449657	0.012396694	0.359331157
C23SB3	2	1.793646667	0.788847302	0.378733333	0.005873581	0.006695274	0.452369378
C23RB1	2	1.769863636	0.788787015	0.373818182	0.007374631	0.015057968	0.507383138
C23RB2	2	1.84538	0.801715636	0.36591	0.011045539	0.042888251	0.551206237
C23RB3	2	1.814409091	0.797063908	0.368209091	0.008232711	0.030701153	0.501256883
C24SB1	2	1.849492308	0.791115233	0.386330769	0.005380944	0.001778638	0.411603086
C24SB2	2	1.88264375	0.78131484	0.41170625	0.003553033	0.001645364	0.33779166
C24SB3	2	1.838813333	0.771490309	0.420186667	0.003716927	0.001320487	0.364615857
C24RB1	2	1.780733333	0.729357755	0.481941667	0.013340039	0.004885759	0.317248864
C24RB2	2	1.7218	0.716062648	0.488883333	0.009521024	0.001949698	0.262650603
C24RB3	2	1.825815385	0.741371611	0.472207692	0.00774272	0.001908028	0.287701515
C24EB1	1	1.733885714	0.715737567	0.492878571	0.010615856	0.002177611	0.477572718
C24EB2	1	1.745330769	0.730163557	0.470953846	0.010188048	0.001698008	0.44307924
C24EB3	1	1.7213625	0.74026389	0.4471	0.010950271	0.001559868	0.442437045
C25SB1	2	1.817564286	0.789019056	0.383471429	0.002598367	0.001166614	0.340935045
C25SB2	2	1.870791667	0.774204325	0.422416667	0.003112176	0.0015974	0.349126035
C25SB3	2	1.8794	0.77719618	0.4187375	0.002739597	0.001558736	0.386497294
C25RB1	2	1.8198625	0.758446723	0.43959375	0.009858018	0.008505812	0.364078655
C25RB2	2	1.784958824	0.778798654	0.394835294	0.010574366	0.004690412	0.385946368
C25RB3	2	1.803033333	0.792414635	0.374283333	0.007359215	0.006484642	0.311123734
C25EB1	1	1.79995	0.759335907	0.433183333	0.027247866	0.004035486	0.671896096
C25EB2	1	1.785033333	0.747667333	0.450422222	0.019321861	0.003305503	0.761029247
C25EB3	1	1.5891	0.657822324	0.543754545	0.030517237	0.008572258	0.726320968
C26EB1	2	1.878769231	0.786173436	0.401730769	0.004761292	0.001694334	0.300683829
C26EB2	2	1.859817647	0.78680073	0.396511765	0.00451054	0.00184951	0.226787958
C26EB3	2	1.893306667	0.782342005	0.412093333	0.005045645	0.001877449	0.281835826
C26SB1	2	1.8538	0.818193261	0.337033333	0.005549754	0.003345322	0.213703129
C26SB2	2	1.904157143	0.822159786	0.338635714	0.005670214	0.002472321	0.257393535
C26SB3	2	1.8818375	0.816376281	0.34555	0.004950624	0.003048542	0.260776402
C26RB1	3	2.0172	0.849864244	0.302853846	0.007896626	0.015755469	0.573178079
C26RB2	3	2.104257143	0.877887005	0.256957143	0.008306694	0.013043377	1.203163081
C26RB3	3	2.035181818	0.863326931	0.278154545	0.008788265	0.021496945	0.478751388
C27SB1	2	1.827397	0.814051353	0.339802	0.002905836	0.001797211	0.208154626
C27SB2	2	1.86396	0.806375673	0.360908	0.003379573	0.001949149	0.285709829
C27SB3	2	1.79889	0.802814513	0.354715	0.003020173	0.002044188	0.240992698
C27RB1	3	1.938609091	0.857274428	0.276689091	0.020359757	0.012501726	0.227226883
C27RB2	2	1.813790909	0.827004716	0.313777273	0.010733464	0.008244638	0.232402987
C27RB3	2	1.843141667	0.815998951	0.33914	0.01650128	0.003771721	0.262851119
C27EB1	1	1.785125	0.779737647	0.393195833	0.005959861	0.002258285	0.594872234
C27EB2	1	1.8174	0.753483844	0.448018462	0.011639472	0.003457503	0.614150525
C27EB3	1	1.801909091	0.766912366	0.420002727	0.010422918	0.002855401	0.644944078
C28SB1	1	1.855981818	0.800365403	0.370518182	0.00611862	0.002798943	0.638522248
C28SB2	1	1.820325	0.812949611	0.3404925	0.006077796	0.003052404	0.741618045
C28SB3	1	1.793507692	0.801259243	0.356443077	0.006052093	0.003204661	0.703179711
C28RB1	2	1.84048	0.827458054	0.31756	0.00321806	0.002390236	0.19375369
C28RB2	2	1.8176	0.819850352	0.32744	0.003773514	0.002412636	0.213588707
C28RB3	2	1.87522	0.828425465	0.32174	0.003669839	0.002479621	0.220278428
C28EB1	2	1.855783333	0.820534006	0.33305	0.003496929	0.020092142	0.21648455
C28EB2	2	1.879381818	0.830297196	0.318936364	0.004166388	0.001615061	0.213046617
C28EB3	2	1.871627273	0.826592319	0.324554545	0.00329375	0.00215	0.1850426
C29SB1	2	1.837227273	0.807946758	0.352845455	0.005592793	0.002318288	0.781235279
C29SB2	2	1.83445	0.795480934	0.37518	0.005719139	0.002328293	0.673048201
C29SB3	2	1.848690909	0.803271111	0.363690909	0.006024275	0.002155121	0.735548184
C29RB1	1	1.832169231	0.775566584	0.4112	0.011623334	0.017733596	0.477785943
C29RB2	1	1.8065	0.791258064	0.377092308	0.013519623	0.011783398	0.48494697
C29RB3	1	2.08589	0.788795191	0.44055	0.028591772	0.035096024	0.561531532
C29EB1	2	1.848	0.799311295	0.370872727	0.035628871	0.023369752	2.015022442
C29EB2	2	1.9619	0.824914624	0.3435	0.026114203	0.021030715	5.280825682
C29EB3	2	1.950414286	0.820144438	0.350792857	0.025633879	0.021515116	0.690238092
C30SB1	2	1.806925	0.7875765	0.383833333	0.003744134	0.001986887	0.83868645
C30SB2	2	1.882221429	0.780908577	0.412378571	0.003716571	0.002023915	1.067987963
C30SB3	2	1.839683333	0.767111188	0.428441667	0.010003293	0.005969043	0.59896508
C30RB1	1	1.860554545	0.72757389	0.506863636	0.021754147	0.014564382	0.721974609
C30RB2	1	1.95859	0.730571483	0.5277	0.01204271	0.003071941	0.72310401
C30RB3	1	1.80422	0.745247254	0.45963	0.010611422	0.003209348	0.60791455
C30EB1	2	1.8505	0.775353508	0.415708333	0.003163899	0.001818487	0.412536339
C30EB2	2	1.779176923	0.777239259	0.396330769	0.005417229	0.001927441	0.427046021
C30EB3	2	1.810338462	0.777317459	0.403130769	0.004418847	0.001448868	0.401893365
C31SB1	2	1.81587	0.819006867	0.32866	0.004050708	0.001970882	0.30602805
C31SB2	2	1.917609091	0.819088164	0.346918182	0.00358041	0.001750912	0.338214045
C31SB3	2	1.576483333	0.819825773	0.284041667	0.003428599	0.001666347	0.335673038
C31RB1	3	1.99455	0.864601873	0.270058333	0.010027057	0.056362406	0.644718565
C31RB2	3	2.0395	0.857755169	0.290108333	0.009846596	0.050526501	0.75262941
C31RB3	3	1.584453333	0.893544777	0.168673333	0.010113312	0.06815112	2.115129802
C31EB1	2	1.9012	0.794568343	0.390566667	0.005921751	0.00204473	0.53094115
C31EB2	2	1.684727273	0.796654436	0.342581818	0.00705649	0.002111241	0.7289242
C31EB3	2	1.833175	0.785417832	0.393366667	0.006944608	0.001927531	0.62111028
C32SB1	3	1.904946154	0.812322577	0.357515385	0.001850826	0.00067605	0.286434056
C32SB2	3	1.917392308	0.80638367	0.371238462	0.001913246	0.000642912	0.256970424
C32SB3	3	1.896133333	0.804422157	0.370841667	0.001710851	0.000639642	0.285154597
C32RB1	3	1.9545875	0.845370187	0.3022375	0.010371791	0.009822939	0.917865457
C32RB2	3	2.04648	0.864034831	0.27825	0.009566644	0.008692578	0.917736663
C32RB3	3	1.961728571	0.828897255	0.335657143	0.008882269	0.004998345	0.863692629
C33SB1	2	1.804714286	0.793845484	0.37205	0.004083278	0.000881159	1.045531591
C33SB2	2	1.755053846	0.78503399	0.377276923	0.004116336	0.000872245	1.076049358
C33SB3	2	1.813116667	0.793440393	0.374516667	0.004052189	0.000885147	1.180266053
C33RB1	2	1.955909091	0.822035789	0.348081818	0.00643059	0.004305896	0.866484255
C33RB2	2	1.957961538	0.826990394	0.338746154	0.00615433	0.004178025	0.787114823
C33RB3	2	1.920318182	0.812067129	0.360890909	0.006353773	0.00286591	1.110625532
